# wavelength_nm   slope_a   correlation_r
     44.1000  -3.00820836e-01  -9.00289064e-03
     45.1000  -3.00859087e-01  -9.00402971e-03
     46.0000  -3.00897280e-01  -9.00516152e-03
     47.0000  -3.00953390e-01  -9.00682823e-03
     48.0000  -3.01034030e-01  -9.00923575e-03
     49.0000  -4.57503819e+04  -1.84116574e-02
     50.0000  -3.52129723e+04  -1.84117593e-02
     50.6000  +5.37544393e+03  +1.34819091e-01
     51.2000  +8.26580075e+02  +8.99158646e-02
     52.0000  -3.08801261e+02  -1.84619022e-02
     53.0000  -3.01409122e-01  -9.02046253e-03
     54.0000  -3.01697263e-01  -9.02905395e-03
     55.0000  -3.01827891e-01  -9.03300828e-03
     56.0000  -3.02043345e-01  -9.03941256e-03
     57.0000  -3.02354726e-01  -9.04873353e-03
     58.0000  -1.16548478e+03  -1.84306268e-02
     59.0000  -3.42424482e+03  -1.84158770e-02
     60.0000  -2.89618174e+03  -1.84167115e-02
     61.0000  -2.42283994e+03  -1.84177694e-02
     62.0000  -4.22220517e+02  -1.84647234e-02
     63.0000  -3.62913450e+02  -1.84734872e-02
     64.0000  -3.13686351e+02  -1.84832878e-02
     65.0000  -2.72494170e+02  -1.84942269e-02
     65.8000  -2.44490586e+02  -1.85037829e-02
     66.5000  -2.30846417e+02  -1.85092934e-02
     67.5000  -2.02919703e+02  -1.85228768e-02
     68.5000  -1.72837233e+02  -1.85424496e-02
     69.5000  -1.53215045e+02  -1.85594089e-02
     70.5000  -5.65185786e+01  -1.78271330e-02
     71.6000  -4.44774053e+01  -1.90837048e-02
     72.6000  -4.00102486e+01  -1.91618412e-02
     73.5000  -3.65510198e+01  -1.92360469e-02
     74.5000  +1.60326319e+01  +2.67646110e-03
     75.5000  +1.43129840e+01  +2.64630259e-03
     76.5000  +1.24528521e+01  +2.60539352e-03
     77.5000  +1.14842815e+01  +2.57948476e-03
     78.5000  +1.00292063e+01  +2.53256600e-03
     79.5000  +5.53628571e+00  +1.09662232e-02
     80.5000  +3.23485013e+00  +1.78331783e-03
     81.5000  +2.25578910e+00  +1.52128373e-03
     82.5000  +1.83332021e+00  +1.36813728e-03
     83.5000  +1.52474252e+00  +1.23389524e-03
     84.5000  +1.25564420e+00  +1.09684157e-03
     85.5000  +1.01101781e+00  +9.51885500e-04
     86.5000  -4.63960766e-01  -8.36864432e-04
     87.5000  -3.90832926e-01  -6.74727395e-04
     88.5000  -6.61198416e-01  -1.35530966e-03
     89.5000  -7.56237273e-01  -1.65920126e-03
     90.5000  -8.24139566e-01  -1.90365138e-03
     91.5000  -4.14953897e+01  -1.54088158e-02
     92.5000  -5.19464940e+02  -6.15958001e-02
     93.5000  -9.36606465e+02  -6.17702310e-02
     94.5000  -2.62708431e+02  -6.12133985e-02
     95.5000  -7.91647622e+04  -6.19432413e-02
     96.5000  -6.89606353e+04  -6.20730769e-02
     97.5000  -5.85815594e+02  -6.16164673e-02
     98.5000  -5.38383947e+04  -6.19942611e-02
     99.5000  -4.73233070e+04  -6.19422409e-02
    100.5000  -4.25253079e+04  -6.19824217e-02
    101.5000  -3.77606226e+04  -6.20861022e-02
    102.5000  -1.33451540e+03  -6.16760178e-02
    103.5000  -2.68700660e+04  -6.21361670e-02
    104.5000  -2.38643001e+04  -6.21497123e-02
    105.5000  -2.38850243e+04  -6.19976020e-02
    106.5000  -1.91084711e+04  -6.19852405e-02
    107.5000  -1.71588599e+04  -6.20623588e-02
    108.5000  -1.54098047e+04  -6.20854412e-02
    109.5000  -1.39372215e+04  -6.19594677e-02
    110.5000  -4.23290894e+02  -6.45445160e-02
    111.5000  -3.60299289e+02  -6.58833643e-02
    112.5000  -2.85655830e+02  -6.67018083e-02
    113.5000  -2.37075941e+02  -6.78051368e-02
    114.5000  -2.22212153e+02  -6.78557895e-02
    115.5000  -2.13807386e+02  -6.72153229e-02
    116.5000  -2.05697547e+02  -6.76053381e-02
    117.5000  -1.85908145e+02  -6.75212095e-02
    118.5000  -1.95386659e+02  -6.64467421e-02
    119.5000  -2.23082419e+02  -6.49200013e-02
    120.5000  -3.14673237e+02  -6.39510476e-02
    121.5000  -1.52273417e+03  -6.17884313e-02
    122.5000  -3.51324630e+02  -6.35618717e-02
    123.5000  -1.83437675e+02  -6.56280738e-02
    124.5000  -1.60463981e+02  -6.75362230e-02
    125.5000  -1.67061523e+02  -6.96100552e-02
    126.5000  -1.71819309e+02  -6.97014951e-02
    127.5000  -1.69541623e+02  -7.09530017e-02
    128.5000  -2.02165150e+02  -7.24069123e-02
    129.5000  -2.02700742e+02  -7.23258429e-02
    130.5000  -2.12992382e+02  -7.24029419e-02
    131.5000  -2.14343840e+02  -7.31385346e-02
    132.5000  -2.59583920e+02  -7.30696422e-02
    133.5000  -2.76532136e+02  -7.23656776e-02
    134.5000  -2.66490809e+02  -7.28670614e-02
    135.5000  -2.54562441e+02  -7.22878996e-02
    136.5000  -2.83296090e+02  -7.22038146e-02
    137.5000  -3.12841892e+02  -7.14282211e-02
    138.5000  -3.09085578e+02  -7.06803573e-02
    139.5000  -3.40550735e+02  -7.06312253e-02
    140.5000  -2.88600930e+02  -7.03087840e-02
    141.5000  -2.77963520e+02  -7.03758589e-02
    142.5000  -2.70510352e+02  -7.03279014e-02
    143.5000  -2.34694670e+02  -7.01347275e-02
    144.2000  -1.86254852e+02  -7.15673374e-02
    144.7000  -2.35286488e+02  -7.03528663e-02
    145.5000  -2.19481274e+02  -7.09065729e-02
    146.5000  -1.66303032e+02  -7.07346962e-02
    147.5000  -1.61165647e+02  -7.07004971e-02
    148.5000  -1.73694510e+02  -7.05609928e-02
    149.5000  -1.41696652e+02  -7.13657896e-02
    150.5000  -1.20012275e+02  -7.15802627e-02
    151.2000  -2.15712721e+02  -7.05135836e-02
    151.7000  -1.63923557e+02  -7.04751750e-02
    152.5000  -2.60996217e+01  -7.11102089e-02
    153.5000  -1.38368408e+01  -6.70821585e-02
    154.5000  -2.05603274e+01  -6.94355446e-02
    155.5000  -1.09852813e+01  -6.41593880e-02
    156.5000  -1.27588326e+01  -6.43452972e-02
    157.5000  -5.61600967e+00  -5.47652145e-02
    158.5000  -4.87078056e+00  -5.26350858e-02
    159.5000  -4.34688751e+00  -5.06618298e-02
    160.5000  -4.42015408e+00  -5.04151054e-02
    161.5000  -4.41055770e+00  -5.03088873e-02
    162.5000  -4.01776223e+00  -4.73364069e-02
    163.5000  -3.57625504e+00  -4.65934076e-02
    164.5000  -2.12612565e+00  -3.64780127e-02
    165.5000  -4.40904550e+00  -4.88962558e-02
    166.5000  -1.97696720e+00  -3.42578350e-02
    167.2000  -4.10615521e+00  -4.73562030e-02
    167.7000  +5.13597340e-01  +2.08204630e-02
    168.5000  +6.04910612e-01  +2.54832277e-02
    169.5000  +9.86393095e-01  +4.84328416e-02
    170.5000  +9.36096338e-01  +4.56608194e-02
    171.5000  +4.03780533e-01  +1.69711719e-02
    172.5000  +8.22581559e-01  +4.11889941e-02
    173.5000  +8.80802579e-01  +4.79762388e-02
    174.5000  +1.33529170e+00  +9.25745046e-02
    175.5000  +1.47170665e+00  +1.20394108e-01
    176.5000  +1.47077354e+00  +1.12360559e-01
    177.5000  +1.44448072e+00  +1.09647738e-01
    178.5000  +1.60570211e+00  +1.44293457e-01
    179.5000  +1.67471820e+00  +1.62419206e-01
    180.5000  +1.78355795e+00  +1.81843861e-01
    181.5000  +1.67154787e+00  +1.52518794e-01
    182.5000  +1.87407230e+00  +2.03479682e-01
    183.5000  +1.81892018e+00  +1.91236907e-01
    184.5000  +1.66955631e+00  +1.38625559e-01
    185.5000  +1.82300343e+00  +1.92151942e-01
    186.5000  +1.87392734e+00  +2.10816763e-01
    187.5000  +1.91889691e+00  +2.22391535e-01
    188.5000  +1.95231992e+00  +2.31480933e-01
    189.5000  +2.04232562e+00  +2.78362427e-01
    190.5000  +2.04769667e+00  +2.70179210e-01
    191.5000  +1.99537697e+00  +2.67214489e-01
    192.5000  +1.99048433e+00  +2.66198029e-01
    193.5000  +1.90915261e+00  +1.99126513e-01
    194.5000  +2.06926309e+00  +3.04059916e-01
    195.5000  +2.04931150e+00  +3.00743404e-01
    196.7000  +2.19975181e+00  +3.66750484e-01
    197.6000  +2.12763169e+00  +3.45589516e-01
    198.4000  +2.28620698e+00  +4.02819593e-01
    199.5000  +2.32419267e+00  +4.06142504e-01
    200.5000  +2.30216850e+00  +3.97681390e-01
    201.5000  +2.27749091e+00  +4.00277301e-01
    202.5000  +2.13507739e+00  +3.26382658e-01
    203.5000  +2.24036936e+00  +3.95003230e-01
    204.5000  +2.27593544e+00  +4.19540216e-01
    205.5000  +2.25756115e+00  +4.23015751e-01
    206.5000  +2.26181996e+00  +4.21289634e-01
    207.4000  +2.18672707e+00  +4.03477585e-01
    207.8000  +3.69760573e+00  +8.85187635e-01
    208.5000  +3.85856265e+00  +8.97753347e-01
    209.5000  +3.78400735e+00  +8.91164878e-01
    210.5000  +3.73638007e+00  +8.91490137e-01
    211.5000  +3.79330455e+00  +8.97639812e-01
    212.5000  +3.74346822e+00  +8.90564756e-01
    213.5000  +3.68492677e+00  +8.92381330e-01
    214.5000  +3.78313277e+00  +9.02182940e-01
    215.5000  +3.74640282e+00  +8.94024346e-01
    216.5000  +3.59787383e+00  +8.86337081e-01
    217.5000  +3.57463719e+00  +8.77809583e-01
    218.5000  +3.76259844e+00  +9.01503040e-01
    219.5000  +3.64941669e+00  +8.93806212e-01
    220.5000  +3.63463874e+00  +8.95562992e-01
    221.5000  +3.43766289e+00  +8.65733497e-01
    222.5000  +3.56753684e+00  +8.92210098e-01
    223.5000  +3.63917549e+00  +9.09355406e-01
    224.5000  +3.61248772e+00  +9.07105381e-01
    225.5000  +3.41075006e+00  +8.86060212e-01
    226.5000  +3.33069668e+00  +8.59076970e-01
    227.5000  +3.25809324e+00  +8.60758043e-01
    228.5000  +3.49407425e+00  +9.06823078e-01
    229.5000  +3.34525414e+00  +8.83053324e-01
    230.5000  +3.49474164e+00  +9.00903431e-01
    231.5000  +3.33991897e+00  +8.84117830e-01
    232.5000  +3.18582496e+00  +8.68145851e-01
    233.5000  +3.00850804e+00  +8.43982939e-01
    234.5000  +2.65011720e+00  +6.87317263e-01
    235.5000  +3.20369916e+00  +8.78562359e-01
    236.5000  +2.70651888e+00  +7.28120767e-01
    237.5000  +2.88219633e+00  +8.08044349e-01
    238.5000  +2.45402857e+00  +5.97513986e-01
    239.5000  +2.59082239e+00  +6.93018564e-01
    240.5000  +2.54532032e+00  +6.95536582e-01
    241.5000  +2.77742478e+00  +7.48171213e-01
    242.5000  +3.14779674e+00  +8.82240730e-01
    243.5000  +3.07882355e+00  +8.82898433e-01
    244.5000  +3.15202679e+00  +9.02871999e-01
    245.5000  +3.18496784e+00  +9.08310206e-01
    246.5000  +3.11048384e+00  +8.79109194e-01
    247.5000  +3.01858670e+00  +8.51278992e-01
    248.5000  +2.39996409e+00  +4.94796474e-01
    249.5000  +2.75991402e+00  +7.11238161e-01
    250.5000  +3.00999188e+00  +8.53823126e-01
    251.3000  +2.15143287e+00  +4.75526095e-01
    251.8000  +2.03810991e+00  +3.41578916e-01
    252.5000  +2.14510754e+00  +3.96488360e-01
    253.5000  +2.63374744e+00  +7.57757671e-01
    254.5000  +2.59607457e+00  +7.60522197e-01
    255.5000  +2.70050737e+00  +9.23282507e-01
    256.5000  +2.67422725e+00  +8.77816946e-01
    257.5000  +2.70979971e+00  +9.18985057e-01
    258.5000  +2.66681811e+00  +9.01532036e-01
    259.5000  +2.60837427e+00  +8.80308571e-01
    260.5000  +2.52755715e+00  +8.41516544e-01
    261.5000  +2.46164562e+00  +8.01722815e-01
    262.5000  +2.59340498e+00  +8.79615147e-01
    263.5000  +2.62190696e+00  +9.48372628e-01
    264.5000  +2.61463576e+00  +9.58208650e-01
    265.5000  +2.47222278e+00  +9.71436784e-01
    266.5000  +2.54748417e+00  +9.54998834e-01
    267.5000  +2.59489824e+00  +9.59025890e-01
    268.5000  +2.53460562e+00  +9.65829861e-01
    269.5000  +2.56038156e+00  +9.48523354e-01
    270.5000  +2.47551640e+00  +9.61795720e-01
    271.5000  +2.50798330e+00  +9.38833599e-01
    272.5000  +2.61813754e+00  +8.87026171e-01
    273.5000  +2.60669735e+00  +9.29958258e-01
    274.5000  +2.35088956e+00  +8.30013476e-01
    275.5000  +2.45250845e+00  +9.09428312e-01
    276.5000  +2.47636351e+00  +9.41163476e-01
    277.5000  +2.44041375e+00  +9.43237463e-01
    278.5000  +2.18055969e+00  +8.33852368e-01
    279.5000  +1.98054211e+00  +4.95342335e-01
    280.5000  +2.02242602e+00  +5.85520227e-01
    281.5000  +2.38358395e+00  +9.22652849e-01
    282.5000  +2.52476988e+00  +9.52754969e-01
    283.5000  +2.56766486e+00  +9.41997206e-01
    284.5000  +2.46815760e+00  +8.61601274e-01
    285.5000  +2.14028013e+00  +5.86254232e-01
    286.5000  +2.63800888e+00  +9.23121816e-01
    287.5000  +2.51914494e+00  +9.59414107e-01
    288.5000  +2.39970489e+00  +9.56603044e-01
    289.5000  +2.33664478e+00  +9.70919715e-01
    291.0000  +2.26708253e+00  +9.78892849e-01
    293.0000  +2.25437641e+00  +9.76852550e-01
    295.0000  +2.31230702e+00  +9.71299074e-01
    297.0000  +2.32825283e+00  +9.70344357e-01
    299.0000  +2.30624983e+00  +9.71435180e-01
    301.0000  +2.38649203e+00  +9.65645538e-01
    303.0000  +2.29507463e+00  +9.71465046e-01
    305.0000  +2.29543390e+00  +9.72389408e-01
    307.0000  +2.19223654e+00  +9.78630340e-01
    309.0000  +2.18831740e+00  +9.75505899e-01
    311.0000  +2.07864825e+00  +9.82961519e-01
    313.0000  +2.17375703e+00  +9.77828568e-01
    315.0000  +2.07973265e+00  +9.78475548e-01
    317.0000  +2.03332040e+00  +9.81794510e-01
    319.0000  +2.06947956e+00  +9.76082054e-01
    321.0000  +2.09581456e+00  +9.77883612e-01
    323.0000  +2.09077753e+00  +9.69480339e-01
    325.0000  +1.96217621e+00  +9.85038056e-01
    327.0000  +1.93991701e+00  +9.88468137e-01
    329.0000  +1.91646732e+00  +9.88126999e-01
    331.0000  +1.98976742e+00  +9.85079177e-01
    333.0000  +1.94649211e+00  +9.86551454e-01
    335.0000  +1.98607506e+00  +9.84580516e-01
    337.0000  +2.06892462e+00  +9.70719922e-01
    339.0000  +2.06733058e+00  +9.76603819e-01
    341.0000  +2.03034072e+00  +9.76544533e-01
    343.0000  +1.98867952e+00  +9.79666980e-01
    345.0000  +1.95481049e+00  +9.81562371e-01
    347.0000  +1.95294904e+00  +9.83175636e-01
    349.0000  +1.88378937e+00  +9.87907662e-01
    351.0000  +1.84539569e+00  +9.88879707e-01
    353.0000  +1.88680052e+00  +9.84285996e-01
    355.0000  +1.89081217e+00  +9.87646074e-01
    357.0000  +2.07664418e+00  +9.68304497e-01
    359.0000  +1.95778095e+00  +9.70090267e-01
    361.0000  +1.81470555e+00  +9.85738742e-01
    363.0000  +1.78040734e+00  +9.85890982e-01
    364.0000  +1.76703329e+00  +9.87266952e-01
    365.0000  +1.74028729e+00  +9.91299422e-01
    367.0000  +1.71038645e+00  +9.92657750e-01
    369.0000  +1.73942446e+00  +9.90374818e-01
    371.0000  +1.69359651e+00  +9.93524250e-01
    373.0000  +1.89744903e+00  +9.69923120e-01
    375.0000  +1.88266718e+00  +9.77653878e-01
    377.0000  +1.80309442e+00  +9.87270188e-01
    379.0000  +1.86761866e+00  +9.84660188e-01
    381.0000  +1.98195327e+00  +9.77975686e-01
    383.0000  +2.00081981e+00  +9.32645590e-01
    385.0000  +2.21166453e+00  +9.57036557e-01
    387.0000  +2.17477995e+00  +9.54892311e-01
    389.0000  +1.84074804e+00  +9.80840351e-01
    391.0000  +1.79698956e+00  +9.87442258e-01
    393.0000  +1.82117086e+00  +9.44695436e-01
    395.0000  +1.78963160e+00  +9.85703125e-01
    397.0000  +1.75578182e+00  +9.65597569e-01
    399.0000  +1.67804261e+00  +9.92844867e-01
    401.0000  +1.66133116e+00  +9.92963195e-01
    403.0000  +1.68755638e+00  +9.92691343e-01
    405.0000  +1.69540778e+00  +9.92045982e-01
    407.0000  +1.71660031e+00  +9.91077122e-01
    409.0000  +1.58546384e+00  +9.95748935e-01
    411.0000  +1.54359627e+00  +9.97772744e-01
    413.0000  +1.67777449e+00  +9.93597759e-01
    415.0000  +1.71945529e+00  +9.92482021e-01
    417.0000  +1.70908660e+00  +9.92927374e-01
    419.0000  +1.70199066e+00  +9.91892401e-01
    421.0000  +1.67003655e+00  +9.93021644e-01
    423.0000  +1.64625996e+00  +9.93695500e-01
    425.0000  +1.64254593e+00  +9.92778633e-01
    427.0000  +1.65568486e+00  +9.91249616e-01
    429.0000  +1.66132225e+00  +9.88725707e-01
    431.0000  +1.64605734e+00  +9.80078580e-01
    433.0000  +1.54061740e+00  +9.95722143e-01
    435.0000  +1.50441354e+00  +9.95423877e-01
    437.0000  +1.56421390e+00  +9.94301855e-01
    439.0000  +1.59851563e+00  +9.92835691e-01
    441.0000  +1.57355404e+00  +9.94585805e-01
    443.0000  +1.52747441e+00  +9.96305702e-01
    445.0000  +1.51029642e+00  +9.96327340e-01
    447.0000  +1.47937825e+00  +9.96808516e-01
    449.0000  +1.45749227e+00  +9.97144720e-01
    451.0000  +1.40760128e+00  +9.97192875e-01
    453.0000  +1.44546440e+00  +9.97504334e-01
    455.0000  +1.42927880e+00  +9.97479242e-01
    457.0000  +1.40953309e+00  +9.97484403e-01
    459.0000  +1.41073133e+00  +9.97729495e-01
    461.0000  +1.40093679e+00  +9.97786881e-01
    463.0000  +1.40550675e+00  +9.97812527e-01
    465.0000  +1.40195398e+00  +9.97945525e-01
    467.0000  +1.38572223e+00  +9.97800602e-01
    469.0000  +1.38412028e+00  +9.98088330e-01
    471.0000  +1.37431079e+00  +9.98366792e-01
    473.0000  +1.38141520e+00  +9.98168197e-01
    475.0000  +1.36227588e+00  +9.98287680e-01
    477.0000  +1.36065400e+00  +9.98332947e-01
    479.0000  +1.35206730e+00  +9.98389719e-01
    481.0000  +1.34802343e+00  +9.98457376e-01
    483.0000  +1.32688660e+00  +9.98550781e-01
    485.0000  +1.29207557e+00  +9.99458665e-01
    487.0000  +1.23907891e+00  +9.99785493e-01
    489.0000  +1.31616297e+00  +9.99140288e-01
    491.0000  +1.32106371e+00  +9.99011103e-01
    493.0000  +1.32596785e+00  +9.99058599e-01
    495.0000  +1.30484696e+00  +9.98905297e-01
    497.0000  +1.32782697e+00  +9.98887009e-01
    499.0000  +1.33641892e+00  +9.99184154e-01
    501.0000  +1.35349843e+00  +9.99125879e-01
    503.0000  +1.34482005e+00  +9.99251887e-01
    505.0000  +1.34596919e+00  +9.99150874e-01
    507.0000  +1.33902570e+00  +9.98854489e-01
    509.0000  +1.36211323e+00  +9.99103403e-01
    511.0000  +1.35566925e+00  +9.99016995e-01
    513.0000  +1.36433555e+00  +9.99050777e-01
    515.0000  +1.37117153e+00  +9.99086907e-01
    517.0000  +1.37223219e+00  +9.97811806e-01
    519.0000  +1.33924631e+00  +9.98669704e-01
    521.0000  +1.32227997e+00  +9.99193560e-01
    523.0000  +1.28246239e+00  +9.99458635e-01
    525.0000  +1.26334999e+00  +9.99452971e-01
    527.0000  +1.29550435e+00  +9.99181731e-01
    529.0000  +1.24764444e+00  +9.99508940e-01
    531.0000  +1.21460172e+00  +9.99170409e-01
    533.0000  +1.25926360e+00  +9.99590336e-01
    535.0000  +1.22091511e+00  +9.99469802e-01
    537.0000  +1.21974042e+00  +9.99509403e-01
    539.0000  +1.23074078e+00  +9.99593023e-01
    541.0000  +1.22536876e+00  +9.99716145e-01
    543.0000  +1.23106839e+00  +9.99627701e-01
    545.0000  +1.20332210e+00  +9.99427255e-01
    547.0000  +1.20749516e+00  +9.99606405e-01
    549.0000  +1.20606643e+00  +9.99522923e-01
    551.0000  +1.21397948e+00  +9.99639168e-01
    553.0000  +1.18981678e+00  +9.99558124e-01
    555.0000  +1.18100105e+00  +9.99461174e-01
    557.0000  +1.17989355e+00  +9.99676158e-01
    559.0000  +1.19261220e+00  +9.99800251e-01
    561.0000  +1.16456491e+00  +9.99518666e-01
    563.0000  +1.17576846e+00  +9.99561807e-01
    565.0000  +1.16695838e+00  +9.99457581e-01
    567.0000  +1.16993084e+00  +9.99666185e-01
    569.0000  +1.15653920e+00  +9.99513195e-01
    571.0000  +1.17034124e+00  +9.99731593e-01
    573.0000  +1.13784468e+00  +9.98874373e-01
    575.0000  +1.14579097e+00  +9.99349823e-01
    577.0000  +1.13707746e+00  +9.99191335e-01
    579.0000  +1.15850274e+00  +9.99542445e-01
    581.0000  +1.13173756e+00  +9.99177220e-01
    583.0000  +1.11524740e+00  +9.98845750e-01
    585.0000  +1.12363354e+00  +9.99228483e-01
    587.0000  +1.11700010e+00  +9.99086978e-01
    589.0000  +1.14675954e+00  +9.99797725e-01
    591.0000  +1.11858373e+00  +9.99308988e-01
    593.0000  +1.11412870e+00  +9.99204179e-01
    595.0000  +1.11133239e+00  +9.99092571e-01
    597.0000  +1.09746431e+00  +9.98908796e-01
    599.0000  +1.10297392e+00  +9.99066629e-01
    601.0000  +1.10653912e+00  +9.99371368e-01
    603.0000  +1.08882257e+00  +9.99074522e-01
    605.0000  +1.08630442e+00  +9.98676327e-01
    607.0000  +1.08497386e+00  +9.98862434e-01
    609.0000  +1.10382751e+00  +9.99297674e-01
    611.0000  +1.09295136e+00  +9.99293209e-01
    613.0000  +1.10606696e+00  +9.99655764e-01
    615.0000  +1.08756759e+00  +9.99351462e-01
    617.0000  +1.10535805e+00  +9.99689226e-01
    619.0000  +1.07949214e+00  +9.99109585e-01
    621.0000  +1.08035208e+00  +9.99038448e-01
    623.0000  +1.08912535e+00  +9.99471686e-01
    625.0000  +1.09090330e+00  +9.99605625e-01
    627.0000  +1.08186303e+00  +9.99092174e-01
    629.0000  +1.07171822e+00  +9.98992561e-01
    631.0000  +1.07343063e+00  +9.99286352e-01
    633.0000  +1.06927026e+00  +9.99237470e-01
    635.0000  +1.06607497e+00  +9.99073598e-01
    637.0000  +1.06597832e+00  +9.99094613e-01
    639.0000  +1.05443673e+00  +9.98962856e-01
    641.0000  +1.05335360e+00  +9.99220495e-01
    643.0000  +1.04994680e+00  +9.98979413e-01
    645.0000  +1.04881509e+00  +9.98971136e-01
    647.0000  +1.04903042e+00  +9.99076215e-01
    649.0000  +1.05023809e+00  +9.99144267e-01
    651.0000  +1.03428759e+00  +9.98676216e-01
    653.0000  +1.02027614e+00  +9.98267688e-01
    655.0000  +9.63134006e-01  +9.96130865e-01
    657.0000  +8.51274017e-01  +9.92255163e-01
    659.0000  +1.00312788e+00  +9.98042616e-01
    661.0000  +1.02171792e+00  +9.98416732e-01
    663.0000  +1.02620901e+00  +9.98696321e-01
    665.0000  +1.02386015e+00  +9.98696078e-01
    667.0000  +1.02774997e+00  +9.98885436e-01
    669.0000  +1.01498066e+00  +9.98338514e-01
    671.0000  +1.03033175e+00  +9.98945160e-01
    673.0000  +1.01115573e+00  +9.98473984e-01
    675.0000  +1.01657897e+00  +9.98619973e-01
    677.0000  +1.01008324e+00  +9.98608745e-01
    679.0000  +1.01291126e+00  +9.98607764e-01
    681.0000  +1.00878005e+00  +9.98618362e-01
    683.0000  +1.00032088e+00  +9.98359839e-01
    685.0000  +1.01079316e+00  +9.98908999e-01
    687.0000  +1.00269531e+00  +9.98479170e-01
    689.0000  +9.96619833e-01  +9.98410099e-01
    691.0000  +9.96235029e-01  +9.98382187e-01
    693.0000  +9.99369314e-01  +9.98537897e-01
    695.0000  +9.99301217e-01  +9.98532092e-01
    697.0000  +9.94027498e-01  +9.98472734e-01
    699.0000  +9.95865475e-01  +9.98405883e-01
    701.0000  +9.99658426e-01  +9.98930766e-01
    703.0000  +9.91130707e-01  +9.98619261e-01
    705.0000  +9.85753297e-01  +9.98442589e-01
    707.0000  +9.90566801e-01  +9.98558884e-01
    709.0000  +9.88215389e-01  +9.98539541e-01
    711.0000  +9.82251105e-01  +9.98146485e-01
    713.0000  +9.89078643e-01  +9.98606908e-01
    715.0000  +9.88579187e-01  +9.98548144e-01
    717.0000  +9.78368373e-01  +9.98426797e-01
    719.0000  +9.91251910e-01  +9.98999836e-01
    721.0000  +9.78786523e-01  +9.98411579e-01
    723.0000  +9.69887761e-01  +9.98407058e-01
    725.0000  +9.70632240e-01  +9.98139920e-01
    727.0000  +9.68559268e-01  +9.98256553e-01
    729.0000  +9.71919076e-01  +9.98774348e-01
    731.0000  +9.66640224e-01  +9.98382457e-01
    733.0000  +9.64920626e-01  +9.98223917e-01
    735.0000  +9.67018572e-01  +9.98276920e-01
    737.0000  +9.56778930e-01  +9.98095228e-01
    739.0000  +9.59600638e-01  +9.98578733e-01
    741.0000  +9.51185359e-01  +9.98628506e-01
    743.0000  +9.51332486e-01  +9.98315614e-01
    745.0000  +9.49967834e-01  +9.98215577e-01
    747.0000  +9.47867065e-01  +9.98004487e-01
    749.0000  +9.45082379e-01  +9.98019747e-01
    751.0000  +9.39037249e-01  +9.97989545e-01
    753.0000  +9.35113687e-01  +9.97816267e-01
    755.0000  +9.32706767e-01  +9.97738150e-01
    757.0000  +9.32053078e-01  +9.97884660e-01
    759.0000  +9.32578489e-01  +9.97937928e-01
    761.0000  +9.29683093e-01  +9.97850010e-01
    763.0000  +9.25560630e-01  +9.97715005e-01
    765.0000  +9.20527815e-01  +9.97522147e-01
    767.0000  +9.28843133e-01  +9.97927014e-01
    769.0000  +9.16080109e-01  +9.97387501e-01
    771.0000  +9.22495169e-01  +9.97779580e-01
    773.0000  +9.20190791e-01  +9.97639304e-01
    775.0000  +9.18256225e-01  +9.97862711e-01
    777.0000  +9.01615145e-01  +9.96863490e-01
    779.0000  +9.08502355e-01  +9.97257268e-01
    781.0000  +9.07089025e-01  +9.97298166e-01
    783.0000  +9.06360560e-01  +9.97384270e-01
    785.0000  +9.05303314e-01  +9.97280566e-01
    787.0000  +9.02564599e-01  +9.97176466e-01
    789.0000  +9.08946460e-01  +9.97314570e-01
    791.0000  +9.17620590e-01  +9.97745469e-01
    793.0000  +9.10977573e-01  +9.97909391e-01
    795.0000  +9.18498684e-01  +9.97861635e-01
    797.0000  +9.04556499e-01  +9.97343687e-01
    799.0000  +9.03154363e-01  +9.97199188e-01
    801.0000  +9.00290955e-01  +9.97370089e-01
    803.0000  +8.99078147e-01  +9.97342558e-01
    805.0000  +8.99638329e-01  +9.97531875e-01
    807.0000  +9.02234901e-01  +9.97357457e-01
    809.0000  +9.06573920e-01  +9.97844316e-01
    811.0000  +9.05161373e-01  +9.97516320e-01
    813.0000  +8.97906165e-01  +9.97372210e-01
    815.0000  +8.96678002e-01  +9.97375808e-01
    817.0000  +8.93015260e-01  +9.97344081e-01
    819.0000  +8.94781369e-01  +9.97492660e-01
    821.0000  +8.94244872e-01  +9.97678166e-01
    823.0000  +8.84384674e-01  +9.97525939e-01
    825.0000  +8.82373150e-01  +9.97194420e-01
    827.0000  +8.79584758e-01  +9.97081534e-01
    829.0000  +8.80184854e-01  +9.97063441e-01
    831.0000  +8.89754555e-01  +9.97577287e-01
    833.0000  +8.81548886e-01  +9.97364124e-01
    835.0000  +8.85537600e-01  +9.97388622e-01
    837.0000  +8.80687165e-01  +9.97218718e-01
    839.0000  +8.96629415e-01  +9.97648800e-01
    841.0000  +8.74404330e-01  +9.96943681e-01
    843.0000  +8.82545150e-01  +9.97250317e-01
    845.0000  +8.64760536e-01  +9.96595637e-01
    847.0000  +8.66410408e-01  +9.96904878e-01
    849.0000  +8.55286632e-01  +9.96441513e-01
    851.0000  +8.60305095e-01  +9.97319469e-01
    853.0000  +8.55089359e-01  +9.96404845e-01
    855.0000  +8.50475094e-01  +9.97053224e-01
    857.0000  +8.53421270e-01  +9.96272102e-01
    859.0000  +8.49543396e-01  +9.96546257e-01
    861.0000  +8.47537349e-01  +9.96382716e-01
    863.0000  +8.50712064e-01  +9.96481666e-01
    865.0000  +8.40381264e-01  +9.96064224e-01
    867.0000  +8.35098862e-01  +9.96612488e-01
    869.0000  +8.53543193e-01  +9.96826828e-01
    871.0000  +8.48186444e-01  +9.96817811e-01
    873.0000  +8.39851695e-01  +9.96316849e-01
    875.0000  +8.18130902e-01  +9.95296256e-01
    877.0000  +8.34001066e-01  +9.95792680e-01
    879.0000  +8.40014276e-01  +9.96645247e-01
    881.0000  +8.47216010e-01  +9.97102119e-01
    883.0000  +8.38171879e-01  +9.96404923e-01
    885.0000  +8.18952239e-01  +9.95154765e-01
    887.0000  +8.04391800e-01  +9.94642280e-01
    889.0000  +8.26828195e-01  +9.96001877e-01
    891.0000  +8.21657943e-01  +9.95691615e-01
    893.0000  +8.28297509e-01  +9.96392681e-01
    895.0000  +8.32146132e-01  +9.96468238e-01
    897.0000  +8.27862858e-01  +9.96202560e-01
    899.0000  +8.23012532e-01  +9.95800874e-01
    901.0000  +7.98952703e-01  +9.94495496e-01
    903.0000  +8.06344029e-01  +9.94666457e-01
    905.0000  +8.11044988e-01  +9.95218315e-01
    907.0000  +8.03898434e-01  +9.95589915e-01
    909.0000  +8.07167619e-01  +9.95885017e-01
    911.0000  +8.16573105e-01  +9.96259056e-01
    913.0000  +8.10209831e-01  +9.95592115e-01
    915.0000  +8.13460232e-01  +9.95883188e-01
    917.0000  +8.10384453e-01  +9.95589008e-01
    919.0000  +8.02388400e-01  +9.95114233e-01
    921.0000  +7.98426275e-01  +9.95281071e-01
    923.0000  +7.40349780e-01  +9.90179389e-01
    925.0000  +7.90281555e-01  +9.94848792e-01
    927.0000  +7.96387830e-01  +9.95043133e-01
    929.0000  +8.05713290e-01  +9.95526482e-01
    931.0000  +7.97846048e-01  +9.95330087e-01
    933.0000  +7.96772385e-01  +9.95405386e-01
    935.0000  +7.94796116e-01  +9.95160423e-01
    937.0000  +8.05508836e-01  +9.95748302e-01
    939.0000  +7.94459540e-01  +9.95263321e-01
    941.0000  +7.85035495e-01  +9.95775676e-01
    943.0000  +7.86820528e-01  +9.95061869e-01
    945.0000  +7.97661496e-01  +9.95800421e-01
    947.0000  +7.87332855e-01  +9.94894746e-01
    949.0000  +7.85280424e-01  +9.94695650e-01
    951.0000  +7.83214166e-01  +9.94642282e-01
    953.0000  +7.73463080e-01  +9.93929687e-01
    955.0000  +7.20064891e-01  +9.88213014e-01
    957.0000  +7.81165635e-01  +9.94529782e-01
    959.0000  +7.76464951e-01  +9.94411430e-01
    961.0000  +7.80475316e-01  +9.94722130e-01
    963.0000  +7.72678851e-01  +9.94893187e-01
    965.0000  +7.88036507e-01  +9.95321679e-01
    967.0000  +7.81239239e-01  +9.94654234e-01
    969.0000  +7.74100714e-01  +9.94399765e-01
    971.0000  +7.80589922e-01  +9.94975508e-01
    973.0000  +7.83064670e-01  +9.94646853e-01
    975.0000  +7.75443517e-01  +9.94823427e-01
    977.0000  +7.76144799e-01  +9.95017638e-01
    979.0000  +7.86527831e-01  +9.95270292e-01
    981.0000  +7.64957149e-01  +9.94458351e-01
    983.0000  +7.68203394e-01  +9.94403451e-01
    985.0000  +7.61551627e-01  +9.94209144e-01
    987.0000  +7.62271327e-01  +9.94515289e-01
    989.0000  +7.57865079e-01  +9.94407814e-01
    991.0000  +7.57712611e-01  +9.94361004e-01
    993.0000  +7.57435189e-01  +9.93808508e-01
    995.0000  +7.55888787e-01  +9.93751349e-01
    997.0000  +7.53958038e-01  +9.93787139e-01
    999.0000  +7.54038958e-01  +9.94019480e-01
   1002.5000  +7.38504317e-01  +9.92306434e-01
   1007.5000  +7.23637453e-01  +9.91393519e-01
   1012.5000  +7.44574589e-01  +9.93634510e-01
   1017.5000  +7.44839333e-01  +9.94164623e-01
   1022.5000  +7.42561141e-01  +9.93773465e-01
   1027.5000  +7.37188849e-01  +9.93473027e-01
   1032.5000  +7.38088673e-01  +9.93887835e-01
   1037.5000  +7.36625561e-01  +9.93822939e-01
   1042.5000  +7.28693855e-01  +9.93196876e-01
   1047.5000  +7.23438038e-01  +9.93123744e-01
   1052.5000  +7.19316858e-01  +9.92712943e-01
   1057.5000  +7.19440978e-01  +9.92707526e-01
   1062.5000  +7.13021432e-01  +9.92735944e-01
   1067.5000  +7.03972676e-01  +9.92724495e-01
   1072.5000  +7.08091503e-01  +9.92546549e-01
   1077.5000  +7.06903215e-01  +9.92842072e-01
   1082.5000  +7.07084391e-01  +9.93162971e-01
   1087.5000  +7.00854646e-01  +9.92882436e-01
   1092.5000  +6.52916653e-01  +9.86542586e-01
   1097.5000  +6.85260389e-01  +9.91304864e-01
   1102.5000  +6.92283169e-01  +9.91854280e-01
   1107.5000  +6.90191603e-01  +9.91587724e-01
   1112.5000  +6.86455930e-01  +9.91735887e-01
   1117.5000  +6.85790202e-01  +9.91681800e-01
   1122.5000  +6.82456026e-01  +9.91347306e-01
   1127.5000  +6.77403576e-01  +9.91298972e-01
   1132.5000  +6.73585080e-01  +9.90676495e-01
   1137.5000  +6.77289565e-01  +9.91104626e-01
   1142.5000  +6.74100771e-01  +9.91092479e-01
   1147.5000  +6.66834608e-01  +9.90289750e-01
   1152.5000  +6.63631999e-01  +9.90299889e-01
   1157.5000  +6.64112587e-01  +9.90685589e-01
   1162.5000  +6.59556210e-01  +9.90278762e-01
   1167.5000  +6.52098378e-01  +9.89639198e-01
   1172.5000  +6.50369898e-01  +9.89055187e-01
   1177.5000  +6.43185682e-01  +9.88783900e-01
   1182.5000  +6.45541124e-01  +9.88867678e-01
   1187.5000  +6.44710216e-01  +9.89134903e-01
   1192.5000  +6.38854770e-01  +9.87931950e-01
   1197.5000  +6.41802611e-01  +9.90087456e-01
   1202.5000  +6.31787485e-01  +9.88275626e-01
   1207.5000  +6.31441875e-01  +9.88445165e-01
   1212.5000  +6.27142247e-01  +9.87953214e-01
   1217.5000  +6.23621816e-01  +9.86972890e-01
   1222.5000  +6.22252291e-01  +9.87221131e-01
   1227.5000  +6.16807712e-01  +9.86833957e-01
   1232.5000  +6.15780887e-01  +9.86681475e-01
   1237.5000  +6.12532544e-01  +9.86726461e-01
   1242.5000  +6.12005070e-01  +9.86600883e-01
   1247.5000  +6.06707629e-01  +9.86108117e-01
   1252.5000  +6.07151073e-01  +9.86119568e-01
   1257.5000  +5.97892072e-01  +9.85273023e-01
   1262.5000  +5.96557407e-01  +9.85152310e-01
   1267.5000  +5.96693456e-01  +9.85455945e-01
   1272.5000  +5.91112754e-01  +9.84379939e-01
   1277.5000  +5.77495306e-01  +9.81848962e-01
   1282.5000  +5.26484627e-01  +9.72905963e-01
   1287.5000  +5.80022863e-01  +9.82937868e-01
   1292.5000  +5.86215651e-01  +9.84456765e-01
   1297.5000  +5.75287346e-01  +9.82955704e-01
   1302.5000  +5.76383360e-01  +9.83932239e-01
   1307.5000  +5.69248640e-01  +9.82846071e-01
   1312.5000  +5.72640080e-01  +9.83243862e-01
   1317.5000  +5.65543713e-01  +9.82843016e-01
   1322.5000  +5.62470232e-01  +9.81889066e-01
   1327.5000  +5.64394244e-01  +9.82789523e-01
   1332.5000  +5.56438230e-01  +9.81511670e-01
   1337.5000  +5.53504973e-01  +9.81572797e-01
   1342.5000  +5.44869088e-01  +9.79651735e-01
   1347.5000  +5.43710010e-01  +9.79958536e-01
   1352.5000  +5.38143813e-01  +9.78866671e-01
   1357.5000  +5.41181462e-01  +9.80872173e-01
   1362.5000  +5.41043988e-01  +9.80479819e-01
   1367.5000  +5.32350609e-01  +9.79395062e-01
   1372.5000  +5.20257099e-01  +9.77163107e-01
   1377.5000  +5.21760576e-01  +9.77927944e-01
   1382.5000  +5.17508767e-01  +9.76930170e-01
   1387.5000  +5.20868355e-01  +9.77569454e-01
   1392.5000  +5.09219006e-01  +9.76137955e-01
   1397.5000  +5.05082256e-01  +9.76109570e-01
   1402.5000  +5.09674412e-01  +9.77859121e-01
   1407.5000  +5.00025042e-01  +9.76095992e-01
   1412.5000  +4.98913358e-01  +9.76738249e-01
   1417.5000  +4.91303121e-01  +9.74466233e-01
   1422.5000  +4.90541588e-01  +9.76086341e-01
   1427.5000  +4.96129082e-01  +9.76833675e-01
   1432.5000  +4.83557638e-01  +9.74267975e-01
   1437.5000  +4.77626436e-01  +9.72374722e-01
   1442.5000  +4.73433765e-01  +9.74677185e-01
   1447.5000  +4.70708014e-01  +9.71736274e-01
   1452.5000  +4.65429222e-01  +9.73062867e-01
   1457.0000  +4.64723117e-01  +9.71769573e-01
   1462.0000  +4.57813509e-01  +9.70086548e-01
   1467.5000  +4.55515712e-01  +9.70053226e-01
   1472.5000  +4.56739233e-01  +9.72158909e-01
   1477.5000  +4.48889072e-01  +9.70774810e-01
   1482.5000  +4.45864132e-01  +9.70079476e-01
   1487.5000  +4.46190530e-01  +9.72098978e-01
   1492.5000  +4.35261872e-01  +9.67353312e-01
   1497.5000  +4.35495923e-01  +9.69568939e-01
   1502.5000  +4.43359565e-01  +9.71605700e-01
   1507.5000  +4.35591931e-01  +9.72682557e-01
   1512.5000  +4.24925378e-01  +9.68200070e-01
   1517.5000  +4.20884722e-01  +9.66863373e-01
   1522.5000  +4.14476205e-01  +9.68328320e-01
   1527.5000  +4.07967835e-01  +9.65328894e-01
   1532.5000  +4.06639685e-01  +9.65900830e-01
   1537.5000  +3.97463055e-01  +9.64833785e-01
   1542.5000  +3.92206737e-01  +9.61387997e-01
   1547.5000  +3.90071111e-01  +9.62662881e-01
   1552.5000  +3.92055132e-01  +9.64055405e-01
   1557.5000  +3.92503865e-01  +9.66188253e-01
   1562.5000  +3.77157503e-01  +9.58602753e-01
   1567.5000  +3.85464988e-01  +9.65451876e-01
   1572.5000  +3.74089847e-01  +9.61553540e-01
   1577.5000  +3.88022677e-01  +9.67681200e-01
   1582.5000  +3.73002588e-01  +9.62628383e-01
   1587.5000  +3.79682585e-01  +9.70859751e-01
   1592.5000  +3.71353237e-01  +9.65036801e-01
   1597.5000  +3.64740748e-01  +9.62373651e-01
   1605.0000  +3.51536582e-01  +9.59473046e-01
   1615.0000  +3.47925697e-01  +9.61834897e-01
   1625.0000  +3.49382435e-01  +9.61299457e-01
   1635.0000  +3.33511434e-01  +9.58826086e-01
   1645.0000  +3.29683492e-01  +9.57565982e-01
   1655.0000  +3.38369416e-01  +9.59920258e-01
   1665.0000  +3.37200372e-01  +9.59413848e-01
   1675.0000  +3.26899496e-01  +9.56473332e-01
   1685.0000  +3.18693118e-01  +9.56251358e-01
   1695.0000  +3.30975274e-01  +9.57906401e-01
   1705.0000  +3.38118383e-01  +9.62095617e-01
   1715.0000  +3.34658135e-01  +9.60196029e-01
   1725.0000  +3.33677971e-01  +9.60500190e-01
   1735.0000  +3.02262168e-01  +9.52541817e-01
   1745.0000  +3.23615352e-01  +9.58174463e-01
   1755.0000  +3.32021923e-01  +9.60673243e-01
   1765.0000  +3.29489853e-01  +9.61107720e-01
   1775.0000  +3.34250904e-01  +9.61218072e-01
   1785.0000  +3.28964669e-01  +9.60957921e-01
   1795.0000  +3.31808411e-01  +9.62776980e-01
   1805.0000  +3.29650690e-01  +9.61965615e-01
   1815.0000  +2.92791596e-01  +9.48072108e-01
   1825.0000  +3.17954843e-01  +9.57369790e-01
   1835.0000  +3.31282843e-01  +9.63363944e-01
   1845.0000  +3.34823929e-01  +9.65506172e-01
   1855.0000  +3.29106502e-01  +9.64398032e-01
   1865.0000  +3.30946976e-01  +9.66095338e-01
   1875.0000  +2.77095994e-01  +9.48465705e-01
   1885.0000  +3.21503996e-01  +9.61039662e-01
   1895.0000  +3.37961280e-01  +9.68408256e-01
   1905.0000  +3.27672836e-01  +9.63697500e-01
   1915.0000  +3.28785155e-01  +9.65496849e-01
   1925.0000  +3.27284402e-01  +9.65239534e-01
   1935.0000  +3.29668882e-01  +9.64610592e-01
   1945.0000  +2.87219184e-01  +9.49340143e-01
   1955.0000  +3.22204802e-01  +9.63757903e-01
   1965.0000  +3.27568203e-01  +9.66146104e-01
   1975.0000  +3.31446313e-01  +9.66933821e-01
   1985.0000  +3.31795813e-01  +9.67241222e-01
   1995.0000  +3.28316048e-01  +9.67329179e-01
   2005.0000  +3.21885897e-01  +9.65285420e-01
   2015.0000  +3.20105027e-01  +9.64129167e-01
   2025.0000  +3.27412336e-01  +9.69125676e-01
   2035.0000  +3.23549262e-01  +9.67984884e-01
   2045.0000  +3.20102419e-01  +9.64500660e-01
   2055.0000  +3.20725038e-01  +9.64514177e-01
   2065.0000  +3.21127314e-01  +9.66530057e-01
   2075.0000  +3.20157762e-01  +9.68182978e-01
   2085.0000  +3.21314212e-01  +9.67177644e-01
   2095.0000  +3.25193714e-01  +9.70349555e-01
   2105.0000  +3.18828283e-01  +9.66858388e-01
   2115.0000  +3.19923835e-01  +9.68395724e-01
   2125.0000  +3.19192461e-01  +9.67628955e-01
   2135.0000  +3.16076742e-01  +9.66734260e-01
   2145.0000  +3.16843625e-01  +9.65876696e-01
   2155.0000  +3.12563183e-01  +9.64462291e-01
   2165.0000  +2.69314417e-01  +9.48048873e-01
   2175.0000  +3.13167540e-01  +9.67128359e-01
   2185.0000  +3.14564743e-01  +9.68235014e-01
   2195.0000  +3.17748409e-01  +9.67320294e-01
   2205.0000  +3.20860899e-01  +9.67354591e-01
   2215.0000  +3.13402436e-01  +9.67582164e-01
   2225.0000  +3.22108824e-01  +9.68127584e-01
   2235.0000  +3.20662843e-01  +9.70535863e-01
   2245.0000  +3.16694003e-01  +9.68841411e-01
   2255.0000  +3.13774255e-01  +9.68592707e-01
   2265.0000  +3.19844844e-01  +9.69609151e-01
   2275.0000  +3.13385548e-01  +9.68584520e-01
   2285.0000  +3.18004622e-01  +9.70804856e-01
   2295.0000  +3.95674559e-01  +9.75084377e-01
   2305.0000  +3.53383511e-01  +9.71296653e-01
   2315.0000  +3.43558908e-01  +9.71116932e-01
   2325.0000  +4.30906603e-01  +9.79494943e-01
   2335.0000  +3.73457711e-01  +9.75684254e-01
   2345.0000  +3.53050640e-01  +9.72598165e-01
   2355.0000  +4.43263903e-01  +9.82529873e-01
   2365.0000  +3.78420442e-01  +9.74906320e-01
   2375.0000  +3.57605145e-01  +9.71771396e-01
   2385.0000  +4.39565838e-01  +9.80091868e-01
   2395.0000  +3.86790866e-01  +9.75371769e-01
   2405.0000  +3.64192491e-01  +9.74081922e-01
   2415.0000  +4.27116961e-01  +9.77819189e-01
   2425.0000  +3.88086055e-01  +9.74958749e-01
   2435.0000  +3.67813876e-01  +9.75113937e-01
   2445.0000  +4.05248850e-01  +9.77157560e-01
   2455.0000  +3.95784320e-01  +9.76965310e-01
   2465.0000  +3.65175313e-01  +9.74443237e-01
   2475.0000  +3.81705492e-01  +9.77326324e-01
   2485.0000  +3.95739844e-01  +9.75095873e-01
   2495.0000  +3.72418651e-01  +9.74783328e-01
   2505.0000  +3.54256529e-01  +9.73370740e-01
   2515.0000  +3.92762829e-01  +9.75095412e-01
   2525.0000  +3.63197057e-01  +9.72256281e-01
   2535.0000  +3.53337824e-01  +9.71035650e-01
   2545.0000  +3.65641880e-01  +9.74402225e-01
   2555.0000  +3.59713067e-01  +9.75391496e-01
   2565.0000  +3.51309473e-01  +9.75132943e-01
   2575.0000  +3.45153158e-01  +9.73233684e-01
   2585.0000  +3.63511469e-01  +9.75866422e-01
   2595.0000  +3.50809076e-01  +9.73980185e-01
   2605.0000  +3.40454557e-01  +9.71086987e-01
   2615.0000  +3.38513802e-01  +9.72787646e-01
   2625.0000  +2.94142606e-01  +9.56625632e-01
   2635.0000  +3.35337518e-01  +9.73290864e-01
   2645.0000  +3.35961367e-01  +9.77739457e-01
   2655.0000  +3.37552818e-01  +9.76380474e-01
   2665.0000  +3.39782288e-01  +9.77819067e-01
   2675.0000  +3.22845038e-01  +9.72620016e-01
   2685.0000  +3.25717538e-01  +9.71371714e-01
   2695.0000  +3.32806867e-01  +9.76985281e-01
   2705.0000  +3.26967385e-01  +9.74261936e-01
   2715.0000  +3.24689163e-01  +9.73370019e-01
   2725.0000  +3.22397492e-01  +9.74604863e-01
   2735.0000  +3.24924383e-01  +9.75048154e-01
   2745.0000  +3.19852409e-01  +9.75500309e-01
   2755.0000  +3.10334889e-01  +9.73942852e-01
   2765.0000  +3.13898030e-01  +9.73715170e-01
   2775.0000  +3.20048563e-01  +9.74611655e-01
   2785.0000  +3.17959553e-01  +9.75840477e-01
   2795.0000  +3.15184605e-01  +9.76713611e-01
   2805.0000  +3.14999624e-01  +9.73298708e-01
   2815.0000  +3.15064017e-01  +9.73855548e-01
   2825.0000  +3.14271653e-01  +9.76162325e-01
   2835.0000  +3.11319308e-01  +9.74680329e-01
   2845.0000  +3.11868913e-01  +9.76654653e-01
   2855.0000  +3.11114549e-01  +9.75359966e-01
   2865.0000  +3.05836428e-01  +9.72568801e-01
   2875.0000  +2.97597811e-01  +9.71187276e-01
   2885.0000  +3.07072832e-01  +9.72807985e-01
   2895.0000  +3.08972122e-01  +9.73759600e-01
   2905.0000  +3.08556040e-01  +9.75052564e-01
   2915.0000  +3.07012114e-01  +9.74746800e-01
   2925.0000  +3.13080842e-01  +9.76759848e-01
   2935.0000  +3.09332124e-01  +9.75353548e-01
   2945.0000  +3.09673529e-01  +9.78722983e-01
   2955.0000  +3.07813576e-01  +9.75653417e-01
   2965.0000  +3.05232532e-01  +9.74079877e-01
   2975.0000  +3.05281016e-01  +9.75796608e-01
   2985.0000  +3.07969653e-01  +9.79062991e-01
   2995.0000  +3.07053315e-01  +9.78195854e-01
   3005.0000  +3.04884579e-01  +9.74457094e-01
   3015.0000  +3.05061614e-01  +9.78812984e-01
   3025.0000  +3.04466510e-01  +9.74140346e-01
   3035.0000  +2.91961414e-01  +9.72322435e-01
   3045.0000  +2.94159266e-01  +9.72640910e-01
   3055.0000  +3.04571474e-01  +9.76523910e-01
   3065.0000  +3.03947808e-01  +9.76305341e-01
   3075.0000  +3.02526297e-01  +9.76436069e-01
   3085.0000  +3.05674154e-01  +9.75504926e-01
   3095.0000  +3.05248044e-01  +9.78722834e-01
   3105.0000  +3.02621337e-01  +9.75886854e-01
   3115.0000  +3.04320990e-01  +9.77411631e-01
   3125.0000  +3.03503396e-01  +9.78262416e-01
   3135.0000  +3.01253685e-01  +9.76382611e-01
   3145.0000  +3.02314768e-01  +9.77598782e-01
   3155.0000  +3.02809906e-01  +9.79731011e-01
   3165.0000  +3.04806587e-01  +9.76528524e-01
   3175.0000  +3.02196566e-01  +9.75729434e-01
   3185.0000  +3.03495555e-01  +9.78882892e-01
   3195.0000  +3.01716693e-01  +9.76935003e-01
   3210.0000  +3.01420937e-01  +9.79237447e-01
   3230.0000  +3.04161040e-01  +9.80284231e-01
   3250.0000  +3.03554787e-01  +9.80560754e-01
   3270.0000  +3.02376792e-01  +9.76992254e-01
   3290.0000  +2.87677428e-01  +9.73149213e-01
   3310.0000  +2.98988910e-01  +9.76986103e-01
   3330.0000  +3.02444194e-01  +9.79787862e-01
   3350.0000  +3.00396614e-01  +9.78777171e-01
   3370.0000  +3.01076451e-01  +9.79060352e-01
   3390.0000  +3.00769085e-01  +9.79941598e-01
   3410.0000  +3.02225783e-01  +9.80499043e-01
   3430.0000  +3.01441195e-01  +9.80250737e-01
   3450.0000  +3.00953136e-01  +9.79980004e-01
   3470.0000  +3.01084680e-01  +9.80233535e-01
   3490.0000  +3.00599271e-01  +9.80384994e-01
   3510.0000  +2.99438770e-01  +9.79877961e-01
   3530.0000  +3.00593681e-01  +9.80837272e-01
   3550.0000  +2.99369532e-01  +9.80708688e-01
   3570.0000  +2.99097793e-01  +9.81060792e-01
   3590.0000  +2.99503803e-01  +9.81111133e-01
   3610.0000  +2.98404100e-01  +9.80479680e-01
   3630.0000  +2.97495546e-01  +9.80574462e-01
   3650.0000  +2.99075402e-01  +9.81322299e-01
   3670.0000  +2.99266161e-01  +9.81893159e-01
   3690.0000  +3.00019992e-01  +9.83158109e-01
   3710.0000  +3.00805039e-01  +9.83364942e-01
   3730.0000  +2.91745975e-01  +9.79840955e-01
   3750.0000  +2.89415244e-01  +9.82066934e-01
   3770.0000  +2.98252089e-01  +9.82466174e-01
   3790.0000  +2.98951548e-01  +9.83212767e-01
   3810.0000  +2.97602165e-01  +9.82473467e-01
   3830.0000  +2.96632644e-01  +9.82021795e-01
   3850.0000  +2.96741307e-01  +9.82122370e-01
   3870.0000  +2.98837220e-01  +9.82699510e-01
   3890.0000  +2.96637282e-01  +9.82643513e-01
   3910.0000  +2.95461067e-01  +9.82472187e-01
   3930.0000  +2.96220362e-01  +9.82616930e-01
   3950.0000  +2.98334320e-01  +9.84095427e-01
   3970.0000  +2.97479888e-01  +9.83889958e-01
   3990.0000  +2.98089553e-01  +9.84668067e-01
   4010.0000  +2.95852185e-01  +9.83866839e-01
   4030.0000  +2.94879022e-01  +9.83144689e-01
   4050.0000  +2.78969212e-01  +9.80717733e-01
   4070.0000  +2.96090906e-01  +9.84066375e-01
   4090.0000  +2.95432145e-01  +9.84448645e-01
   4110.0000  +2.94702083e-01  +9.84135441e-01
   4130.0000  +2.94875224e-01  +9.83967620e-01
   4150.0000  +2.94377930e-01  +9.84197779e-01
   4170.0000  +2.93286537e-01  +9.83785804e-01
   4190.0000  +2.95559080e-01  +9.84304227e-01
   4210.0000  +2.96741609e-01  +9.85176230e-01
   4230.0000  +2.94532547e-01  +9.84550771e-01
   4250.0000  +2.95781904e-01  +9.85126959e-01
   4270.0000  +2.94123664e-01  +9.84800041e-01
   4290.0000  +3.34379414e-01  +9.88536772e-01
   4310.0000  +3.66318069e-01  +9.87309544e-01
   4330.0000  +3.43261586e-01  +9.85901463e-01
   4350.0000  +3.80237409e-01  +9.86734171e-01
   4370.0000  +3.85364981e-01  +9.86030006e-01
   4390.0000  +3.87024766e-01  +9.85228243e-01
   4410.0000  +4.24815727e-01  +9.85646658e-01
   4430.0000  +4.18655860e-01  +9.85791712e-01
   4450.0000  +4.17666855e-01  +9.86219684e-01
   4470.0000  +4.47635385e-01  +9.84032193e-01
   4490.0000  +4.25219500e-01  +9.85265699e-01
   4510.0000  +4.36938977e-01  +9.85550502e-01
   4530.0000  +4.56144179e-01  +9.83890370e-01
   4550.0000  +4.35157198e-01  +9.84569095e-01
   4570.0000  +4.29335206e-01  +9.85744657e-01
   4590.0000  +4.57489504e-01  +9.84369604e-01
   4610.0000  +4.30044917e-01  +9.84624294e-01
   4630.0000  +4.31708091e-01  +9.84429103e-01
   4650.0000  +4.18393269e-01  +9.85841412e-01
   4670.0000  +4.14309898e-01  +9.85630944e-01
   4690.0000  +4.15872178e-01  +9.84784749e-01
   4710.0000  +4.28756322e-01  +9.86466201e-01
   4730.0000  +4.06102653e-01  +9.86351258e-01
   4750.0000  +4.11904008e-01  +9.85462327e-01
   4770.0000  +4.11508377e-01  +9.85755070e-01
   4790.0000  +4.08359351e-01  +9.86859139e-01
   4810.0000  +4.16227887e-01  +9.85353517e-01
   4830.0000  +3.92000658e-01  +9.86285961e-01
   4850.0000  +3.95763936e-01  +9.86136794e-01
   4870.0000  +4.04367736e-01  +9.86213941e-01
   4890.0000  +3.99391888e-01  +9.85781683e-01
   4910.0000  +3.98909909e-01  +9.86474257e-01
   4930.0000  +3.99674886e-01  +9.86274346e-01
   4950.0000  +4.01833333e-01  +9.86341578e-01
   4970.0000  +3.92068407e-01  +9.85978827e-01
   4990.0000  +3.97403085e-01  +9.87018972e-01
   5010.0000  +3.89189185e-01  +9.86658754e-01
   5030.0000  +3.88323273e-01  +9.86648114e-01
   5050.0000  +3.93921141e-01  +9.85773070e-01
   5070.0000  +3.88092131e-01  +9.86148927e-01
   5090.0000  +3.86731637e-01  +9.86805142e-01
   5110.0000  +3.91104719e-01  +9.86359616e-01
   5130.0000  +3.73385916e-01  +9.86029153e-01
   5150.0000  +3.84191391e-01  +9.86029953e-01
   5170.0000  +3.73592996e-01  +9.87180394e-01
   5190.0000  +3.77563780e-01  +9.86271107e-01
   5210.0000  +3.72607079e-01  +9.86420004e-01
   5230.0000  +3.77144752e-01  +9.85805402e-01
   5250.0000  +3.66802917e-01  +9.85431318e-01
   5270.0000  +3.59365765e-01  +9.86085754e-01
   5290.0000  +3.70141220e-01  +9.85619610e-01
   5310.0000  +3.68662438e-01  +9.86268955e-01
   5330.0000  +3.60539744e-01  +9.85380168e-01
   5350.0000  +3.60011988e-01  +9.85976040e-01
   5370.0000  +3.55992012e-01  +9.85929868e-01
   5390.0000  +3.53409245e-01  +9.85913187e-01
   5410.0000  +3.52688424e-01  +9.86171587e-01
   5430.0000  +3.57209642e-01  +9.84924932e-01
   5450.0000  +3.48158496e-01  +9.85714844e-01
   5470.0000  +3.47841828e-01  +9.85568890e-01
   5490.0000  +3.46641555e-01  +9.85639766e-01
   5510.0000  +3.47171784e-01  +9.86184715e-01
   5530.0000  +3.30382758e-01  +9.86408021e-01
   5550.0000  +3.45932319e-01  +9.86370685e-01
   5570.0000  +3.32449128e-01  +9.85894103e-01
   5590.0000  +3.35030552e-01  +9.85876596e-01
   5610.0000  +3.32247596e-01  +9.85842747e-01
   5630.0000  +3.37189975e-01  +9.86154269e-01
   5650.0000  +3.28592061e-01  +9.86887386e-01
   5670.0000  +3.27889053e-01  +9.86667872e-01
   5690.0000  +3.32626897e-01  +9.85882133e-01
   5710.0000  +3.22710158e-01  +9.86381277e-01
   5730.0000  +3.23219323e-01  +9.86653402e-01
   5750.0000  +3.19639193e-01  +9.86462161e-01
   5770.0000  +3.24377704e-01  +9.86554859e-01
   5790.0000  +3.14003583e-01  +9.86474022e-01
   5810.0000  +3.20467603e-01  +9.86089982e-01
   5830.0000  +3.17342463e-01  +9.86677666e-01
   5850.0000  +3.15099573e-01  +9.86851047e-01
   5870.0000  +3.18590868e-01  +9.86413152e-01
   5890.0000  +3.14035169e-01  +9.85731327e-01
   5910.0000  +3.05603416e-01  +9.85985725e-01
   5930.0000  +3.11605379e-01  +9.86910443e-01
   5950.0000  +3.11798277e-01  +9.86240161e-01
   5970.0000  +3.08077099e-01  +9.86633601e-01
   5990.0000  +3.07310966e-01  +9.86198867e-01
   6010.0000  +3.06241428e-01  +9.86627549e-01
   6030.0000  +3.05556841e-01  +9.86565177e-01
   6050.0000  +3.08366757e-01  +9.86092653e-01
   6070.0000  +3.06688220e-01  +9.86506964e-01
   6090.0000  +3.05184032e-01  +9.85917021e-01
   6110.0000  +3.05949154e-01  +9.85989092e-01
   6130.0000  +3.04711446e-01  +9.86549909e-01
   6150.0000  +3.01737491e-01  +9.87076813e-01
   6170.0000  +2.99316918e-01  +9.86871555e-01
   6190.0000  +2.98194491e-01  +9.86038796e-01
   6210.0000  +2.96429512e-01  +9.85026627e-01
   6230.0000  +2.97052702e-01  +9.84978375e-01
   6250.0000  +2.99340431e-01  +9.85621345e-01
   6270.0000  +2.98409410e-01  +9.86194897e-01
   6290.0000  +2.96357762e-01  +9.84902801e-01
   6310.0000  +2.96672031e-01  +9.84760902e-01
   6330.0000  +2.93837374e-01  +9.85358011e-01
   6350.0000  +2.94267471e-01  +9.85621401e-01
   6370.0000  +2.90524734e-01  +9.85178157e-01
   6390.0000  +2.93021255e-01  +9.83768933e-01
   6420.0000  +2.91750771e-01  +9.84646614e-01
   6460.0000  +2.90735210e-01  +9.84975076e-01
   6500.0000  +2.88162496e-01  +9.83272980e-01
   6540.0000  +2.88706865e-01  +9.84563276e-01
   6580.0000  +2.85106252e-01  +9.84465954e-01
   6620.0000  +2.87041124e-01  +9.83106658e-01
   6660.0000  +2.84200064e-01  +9.84205764e-01
   6700.0000  +2.82597610e-01  +9.83258829e-01
   6740.0000  +2.85042283e-01  +9.83449805e-01
   6780.0000  +2.82497768e-01  +9.83062582e-01
   6820.0000  +2.83349741e-01  +9.82931392e-01
   6860.0000  +2.80806732e-01  +9.83356778e-01
   6900.0000  +2.81159434e-01  +9.81834014e-01
   6940.0000  +2.82102182e-01  +9.81286658e-01
   6980.0000  +2.81884423e-01  +9.81026303e-01
   7020.0000  +2.82317512e-01  +9.81982164e-01
   7060.0000  +2.81308456e-01  +9.81632569e-01
   7100.0000  +2.81024058e-01  +9.81277541e-01
   7140.0000  +2.78846489e-01  +9.82075012e-01
   7180.0000  +2.78644709e-01  +9.81672894e-01
   7220.0000  +2.77306175e-01  +9.81690992e-01
   7260.0000  +2.79657180e-01  +9.79609964e-01
   7300.0000  +2.80512525e-01  +9.80035941e-01
   7340.0000  +2.77977426e-01  +9.81691143e-01
   7380.0000  +2.79633814e-01  +9.80876858e-01
   7420.0000  +2.79532594e-01  +9.80771165e-01
   7460.0000  +2.72681888e-01  +9.78502197e-01
   7500.0000  +2.74806088e-01  +9.79119047e-01
   7540.0000  +2.78883092e-01  +9.78357888e-01
   7580.0000  +2.78275101e-01  +9.78579991e-01
   7620.0000  +2.76499334e-01  +9.80628988e-01
   7660.0000  +2.76578114e-01  +9.79673461e-01
   7700.0000  +2.78047663e-01  +9.76576300e-01
   7740.0000  +2.78125371e-01  +9.78928891e-01
   7780.0000  +2.77401671e-01  +9.79810763e-01
   7820.0000  +2.75512742e-01  +9.79824720e-01
   7860.0000  +2.76955242e-01  +9.78319348e-01
   7900.0000  +2.77003000e-01  +9.77861351e-01
   7940.0000  +2.77504316e-01  +9.76970684e-01
   7980.0000  +2.77498048e-01  +9.77269778e-01
   8020.0000  +2.76881629e-01  +9.78205856e-01
   8060.0000  +2.77312443e-01  +9.77869896e-01
   8100.0000  +2.76692531e-01  +9.78316482e-01
   8140.0000  +2.76257331e-01  +9.77367842e-01
   8180.0000  +2.76038032e-01  +9.75746373e-01
   8220.0000  +2.76390346e-01  +9.77110737e-01
   8260.0000  +2.76238189e-01  +9.75435907e-01
   8300.0000  +2.75727578e-01  +9.76817714e-01
   8340.0000  +2.75304513e-01  +9.76976753e-01
   8380.0000  +2.75560354e-01  +9.75547713e-01
   8420.0000  +2.73844166e-01  +9.76610277e-01
   8460.0000  +2.75696165e-01  +9.75866668e-01
   8500.0000  +2.74853481e-01  +9.73970059e-01
   8540.0000  +2.75667920e-01  +9.74028698e-01
   8580.0000  +2.75007850e-01  +9.75479239e-01
   8620.0000  +2.74768626e-01  +9.75831822e-01
   8660.0000  +2.75242785e-01  +9.74651594e-01
   8700.0000  +2.74107084e-01  +9.74797969e-01
   8740.0000  +2.73042388e-01  +9.74555010e-01
   8780.0000  +2.73773549e-01  +9.74930375e-01
   8820.0000  +2.74768935e-01  +9.74104403e-01
   8860.0000  +2.74835179e-01  +9.70991008e-01
   8900.0000  +2.73998564e-01  +9.72719672e-01
   8940.0000  +2.70989760e-01  +9.72766310e-01
   8980.0000  +2.72388106e-01  +9.72793550e-01
   9020.0000  +2.74554782e-01  +9.69420256e-01
   9060.0000  +2.74406369e-01  +9.73161337e-01
   9100.0000  +2.74367852e-01  +9.74054697e-01
   9140.0000  +2.73423903e-01  +9.73467473e-01
   9180.0000  +2.71439505e-01  +9.73800864e-01
   9220.0000  +2.73072479e-01  +9.72150212e-01
   9260.0000  +2.74187372e-01  +9.71954582e-01
   9300.0000  +2.70883994e-01  +9.71868174e-01
   9340.0000  +2.72939482e-01  +9.72298856e-01
   9380.0000  +2.72106829e-01  +9.69885412e-01
   9420.0000  +2.72810879e-01  +9.71832436e-01
   9460.0000  +2.70997303e-01  +9.72650767e-01
   9500.0000  +2.71797540e-01  +9.71520052e-01
   9540.0000  +2.71932404e-01  +9.71487676e-01
   9580.0000  +2.74104033e-01  +9.70689870e-01
   9620.0000  +2.69047712e-01  +9.70278755e-01
   9660.0000  +2.73592638e-01  +9.68471628e-01
   9700.0000  +2.71668598e-01  +9.71124463e-01
   9740.0000  +2.69920453e-01  +9.69362559e-01
   9780.0000  +2.71527951e-01  +9.70210979e-01
   9820.0000  +2.71595278e-01  +9.70803265e-01
   9860.0000  +2.72632457e-01  +9.71349574e-01
   9900.0000  +2.72229334e-01  +9.69597469e-01
   9940.0000  +2.72568786e-01  +9.67697442e-01
   9980.0000  +2.71647282e-01  +9.67845673e-01
  10020.0000  +2.70718518e-01  +9.71232889e-01
  20000.0000  +2.62842147e-01  +9.44655727e-01
  40000.0100  +2.60192567e-01  +9.19507349e-01
  60000.0100  +2.59145002e-01  +8.97907189e-01
  80000.0100  +2.58363196e-01  +8.79420760e-01
 100000.0100  +2.59337307e-01  +8.63640962e-01
 120000.0200  +2.58584174e-01  +8.51856801e-01
 140000.0200  +2.58701621e-01  +8.40188953e-01
 160000.0200  +2.59154195e-01  +8.28446117e-01
