# wavelength_nm   slope_a   correlation_r
     44.1000  -8.96308341e+00  -3.14853821e-01
     45.1000  -8.96315872e+00  -3.14856414e-01
     46.0000  -8.96323972e+00  -3.14859368e-01
     47.0000  -8.96335453e+00  -3.14863446e-01
     48.0000  -8.96350681e+00  -3.14868503e-01
     49.0000  +5.73785387e+05  +2.88982523e-01
     50.0000  +4.41625923e+05  +2.88982238e-01
     50.6000  +2.15043432e+04  +3.37098219e-01
     51.2000  +5.09439298e+03  +3.68314400e-01
     52.0000  +3.86021875e+03  +2.88841578e-01
     53.0000  -8.96418526e+00  -3.14890146e-01
     54.0000  -8.96474081e+00  -3.14908938e-01
     55.0000  -8.96493055e+00  -3.14913543e-01
     56.0000  -8.96536668e+00  -3.14928901e-01
     57.0000  -8.96592862e+00  -3.14946792e-01
     58.0000  +1.45957860e+04  +2.88895264e-01
     59.0000  +4.29338728e+04  +2.88970708e-01
     60.0000  +3.63109358e+04  +2.88968373e-01
     61.0000  +3.03743088e+04  +2.88965413e-01
     62.0000  +5.27381340e+03  +2.88739313e-01
     63.0000  +4.52998580e+03  +2.88699199e-01
     64.0000  +3.91258130e+03  +2.88654335e-01
     65.0000  +3.39594905e+03  +2.88604234e-01
     65.8000  +3.04472709e+03  +2.88560445e-01
     66.5000  +2.87359971e+03  +2.88535216e-01
     67.5000  +2.52334159e+03  +2.88472962e-01
     68.5000  +2.14604593e+03  +2.88383149e-01
     69.5000  +1.89994157e+03  +2.88305322e-01
     70.5000  +7.35749072e+02  +2.90584534e-01
     71.6000  +5.27954914e+02  +2.85342025e-01
     72.6000  +4.71925349e+02  +2.84912101e-01
     73.5000  +4.28537815e+02  +2.84502544e-01
     74.5000  +1.72973098e+03  +3.26059877e-01
     75.5000  +1.56089791e+03  +3.25971007e-01
     76.5000  +1.37828353e+03  +3.25850227e-01
     77.5000  +1.28321148e+03  +3.25773679e-01
     78.5000  +1.14035968e+03  +3.25634775e-01
     79.5000  +1.65091553e+02  +3.49594385e-01
     80.5000  +5.13936840e+02  +3.23052917e-01
     81.5000  +4.17800942e+02  +3.22174206e-01
     82.5000  +3.76338553e+02  +3.21656651e-01
     83.5000  +3.46056914e+02  +3.21200604e-01
     84.5000  +3.19654794e+02  +3.20732607e-01
     85.5000  +2.95654264e+02  +3.20235020e-01
     86.5000  +1.48181009e+02  +3.13969751e-01
     87.5000  +1.55396588e+02  +3.14563580e-01
     88.5000  +1.28847138e+02  +3.12049098e-01
     89.5000  +1.19527330e+02  +3.10904767e-01
     90.5000  +1.12884029e+02  +3.09974326e-01
     91.5000  -2.03188146e+04  -8.64459622e-01
     92.5000  -7.26707882e+04  -8.86625276e-01
     93.5000  -1.29206083e+05  -8.87218230e-01
     94.5000  -3.65240823e+04  -8.87286284e-01
     95.5000  -1.08846121e+07  -8.87264765e-01
     96.5000  -9.47129580e+06  -8.87308702e-01
     97.5000  -8.09649833e+04  -8.87213387e-01
     98.5000  -7.39882903e+06  -8.87260819e-01
     99.5000  -6.50772104e+06  -8.87245549e-01
    100.5000  -5.84399605e+06  -8.87263703e-01
    101.5000  -5.18622588e+06  -8.87250191e-01
    102.5000  -1.84212108e+05  -8.87145682e-01
    103.5000  -3.69059189e+06  -8.87258710e-01
    104.5000  -3.27459154e+06  -8.87300592e-01
    105.5000  -3.28362905e+06  -8.87205208e-01
    106.5000  -2.62662967e+06  -8.87258173e-01
    107.5000  -2.35737907e+06  -8.87250467e-01
    108.5000  -2.11647511e+06  -8.87261009e-01
    109.5000  -1.91629203e+06  -8.87233535e-01
    110.5000  -5.65831493e+04  -8.88759518e-01
    111.5000  -4.74165438e+04  -8.89531784e-01
    112.5000  -3.72658223e+04  -8.90106508e-01
    113.5000  -3.05505314e+04  -8.90782809e-01
    114.5000  -2.86283769e+04  -8.90830455e-01
    115.5000  -2.77507540e+04  -8.90547709e-01
    116.5000  -2.65855584e+04  -8.90720730e-01
    117.5000  -2.40535953e+04  -8.90771081e-01
    118.5000  -2.55980922e+04  -8.90100450e-01
    119.5000  -2.98188883e+04  -8.88999490e-01
    120.5000  -4.24003522e+04  -8.88549911e-01
    121.5000  -2.10293155e+05  -8.86940202e-01
    122.5000  -4.75511984e+04  -8.88275645e-01
    123.5000  -2.42738175e+04  -8.89666648e-01
    124.5000  -2.07699134e+04  -8.90957412e-01
    125.5000  -2.11425768e+04  -8.91925594e-01
    126.5000  -2.17213791e+04  -8.91967945e-01
    127.5000  -2.11520139e+04  -8.92592432e-01
    128.5000  -2.48228768e+04  -8.93236550e-01
    129.5000  -2.49076601e+04  -8.93130712e-01
    130.5000  -2.61435033e+04  -8.93097886e-01
    131.5000  -2.61167819e+04  -8.93470869e-01
    132.5000  -3.16131419e+04  -8.93329574e-01
    133.5000  -3.39124135e+04  -8.92942371e-01
    134.5000  -3.25174581e+04  -8.93192541e-01
    135.5000  -3.12470538e+04  -8.92943115e-01
    136.5000  -3.47838023e+04  -8.92831876e-01
    137.5000  -3.87068526e+04  -8.92376313e-01
    138.5000  -3.85499064e+04  -8.91985794e-01
    139.5000  -4.24828866e+04  -8.91894902e-01
    140.5000  -3.60856794e+04  -8.91966337e-01
    141.5000  -3.47692873e+04  -8.91922332e-01
    142.5000  -3.38654554e+04  -8.91885584e-01
    143.5000  -2.94582490e+04  -8.91843142e-01
    144.2000  -2.30640900e+04  -8.92699056e-01
    144.7000  -2.94658064e+04  -8.91955277e-01
    145.5000  -2.73336415e+04  -8.92259309e-01
    146.5000  -2.07820003e+04  -8.92343288e-01
    147.5000  -2.01530983e+04  -8.92336595e-01
    148.5000  -2.17385339e+04  -8.92179388e-01
    149.5000  -1.76057694e+04  -8.92805115e-01
    150.5000  -1.48966382e+04  -8.93061118e-01
    151.2000  -2.69773954e+04  -8.91961952e-01
    151.7000  -2.05332550e+04  -8.92173304e-01
    152.5000  -3.34233255e+03  -8.96104625e-01
    153.5000  -1.89832589e+03  -8.97546048e-01
    154.5000  -2.69763192e+03  -8.96298284e-01
    155.5000  -1.57615884e+03  -8.97706415e-01
    156.5000  -1.81105027e+03  -8.96474800e-01
    157.5000  -9.52853190e+02  -8.99101675e-01
    158.5000  -8.63880083e+02  -8.99639017e-01
    159.5000  -8.01834526e+02  -9.00026518e-01
    160.5000  -8.17678995e+02  -8.99622994e-01
    161.5000  -8.17167372e+02  -8.99612933e-01
    162.5000  -7.86015192e+02  -8.98746186e-01
    163.5000  -7.17646650e+02  -9.00129292e-01
    164.5000  -5.50112462e+02  -9.01529929e-01
    165.5000  -8.34345752e+02  -8.98025542e-01
    166.5000  -5.41235087e+02  -9.00647957e-01
    167.2000  -7.99667527e+02  -8.98128584e-01
    167.7000  -2.41421839e+02  -9.07885830e-01
    168.5000  -2.32547165e+02  -9.07755635e-01
    169.5000  -1.97637269e+02  -9.06545236e-01
    170.5000  -2.00562351e+02  -9.07917821e-01
    171.5000  -2.37850360e+02  -9.13396625e-01
    172.5000  -1.99019845e+02  -9.12744773e-01
    173.5000  -1.85966613e+02  -9.17269217e-01
    174.5000  -1.46671183e+02  -9.18372478e-01
    175.5000  -1.27864533e+02  -9.26590597e-01
    176.5000  -1.31643232e+02  -9.17073551e-01
    177.5000  -1.35489625e+02  -9.21760951e-01
    178.5000  -1.16126102e+02  -9.26512857e-01
    179.5000  -1.11468775e+02  -9.36145488e-01
    180.5000  -1.02624509e+02  -9.27898270e-01
    181.5000  -1.11396447e+02  -9.20095788e-01
    182.5000  -9.38723587e+01  -9.23516076e-01
    183.5000  -9.66613637e+01  -9.21741908e-01
    184.5000  -1.17057359e+02  -9.09597044e-01
    185.5000  -9.78870815e+01  -9.25072409e-01
    186.5000  -9.32785559e+01  -9.31322010e-01
    187.5000  -8.97284596e+01  -9.29321280e-01
    188.5000  -8.77504786e+01  -9.29229765e-01
    189.5000  -7.71068459e+01  -9.35833305e-01
    190.5000  -7.86692333e+01  -9.31803159e-01
    191.5000  -7.79248521e+01  -9.34582457e-01
    192.5000  -7.51326242e+01  -9.24318792e-01
    193.5000  -9.09356295e+01  -9.07505377e-01
    194.5000  -7.00331268e+01  -9.33515405e-01
    195.5000  -7.01421692e+01  -9.33476298e-01
    196.7000  -6.15341584e+01  -9.39349414e-01
    197.6000  -6.16210460e+01  -9.30308786e-01
    198.4000  -5.80869654e+01  -9.39611456e-01
    199.5000  -5.95542387e+01  -9.42746010e-01
    200.5000  -5.94767712e+01  -9.37411548e-01
    201.5000  -5.81690921e+01  -9.38627094e-01
    202.5000  -6.50604988e+01  -9.25681822e-01
    203.5000  -5.79066563e+01  -9.38889504e-01
    204.5000  -5.51051776e+01  -9.41501503e-01
    205.5000  -5.30317338e+01  -9.37074511e-01
    206.5000  -5.28429298e+01  -9.33903431e-01
    207.4000  -5.39795220e+01  -9.36316138e-01
    207.8000  -1.48403165e+01  -9.16225510e-01
    208.5000  -1.11611834e+01  -9.01698444e-01
    209.5000  -1.27798926e+01  -9.07355317e-01
    210.5000  -1.18781707e+01  -8.94811562e-01
    211.5000  -1.04974582e+01  -8.89115939e-01
    212.5000  -1.11923190e+01  -8.82783405e-01
    213.5000  -1.05291404e+01  -8.74841553e-01
    214.5000  -8.54776797e+00  -8.63054563e-01
    215.5000  -1.09601586e+01  -8.88654996e-01
    216.5000  -1.21208457e+01  -8.88296402e-01
    217.5000  -1.41221023e+01  -9.01564767e-01
    218.5000  -8.62833462e+00  -8.63062390e-01
    219.5000  -1.12127691e+01  -8.91112166e-01
    220.5000  -1.03114153e+01  -8.79197397e-01
    221.5000  -1.48418983e+01  -8.96158304e-01
    222.5000  -1.03516648e+01  -8.72171050e-01
    223.5000  -6.67539727e+00  -8.30764903e-01
    224.5000  -7.11810609e+00  -8.36194271e-01
    225.5000  -1.07027261e+01  -8.68546136e-01
    226.5000  -1.49949140e+01  -8.92175387e-01
    227.5000  -1.48842991e+01  -8.95920143e-01
    228.5000  -7.24422726e+00  -8.36605683e-01
    229.5000  -1.14652022e+01  -8.77723963e-01
    230.5000  -8.66231158e+00  -8.57369033e-01
    231.5000  -1.13864188e+01  -8.78087664e-01
    232.5000  -1.23475881e+01  -8.75119997e-01
    233.5000  -1.35617966e+01  -8.73442123e-01
    234.5000  -2.33291448e+01  -8.87486493e-01
    235.5000  -1.11916934e+01  -8.68846330e-01
    236.5000  -2.07304649e+01  -8.85348199e-01
    237.5000  -1.64482571e+01  -8.83977569e-01
    238.5000  -2.78951211e+01  -8.88220649e-01
    239.5000  -2.23868838e+01  -8.87191434e-01
    240.5000  -2.15865228e+01  -8.85663044e-01
    241.5000  -2.01969438e+01  -8.86971194e-01
    242.5000  -1.02302682e+01  -8.61345385e-01
    243.5000  -9.82219466e+00  -8.57400112e-01
    244.5000  -7.46191047e+00  -8.35206104e-01
    245.5000  -6.52231074e+00  -8.18865906e-01
    246.5000  -1.09225241e+01  -8.70192394e-01
    247.5000  -1.35521416e+01  -8.80422743e-01
    248.5000  -4.03557500e+01  -9.06679631e-01
    249.5000  -2.39570425e+01  -8.96186883e-01
    250.5000  -1.41925591e+01  -8.90507815e-01
    251.3000  -3.57861007e+01  -8.96557994e-01
    251.8000  -4.94504939e+01  -8.92348175e-01
    252.5000  -4.37213154e+01  -8.93215479e-01
    253.5000  -1.73926206e+01  -8.76286959e-01
    254.5000  -1.75525429e+01  -8.81285129e-01
    255.5000  -3.87581897e+00  -7.40500242e-01
    256.5000  -8.34223865e+00  -8.35526440e-01
    257.5000  -4.43440392e+00  -7.61980964e-01
    258.5000  -6.14516076e+00  -8.04825144e-01
    259.5000  -7.89607905e+00  -8.29926018e-01
    260.5000  -1.05673555e+01  -8.50907498e-01
    261.5000  -1.28306569e+01  -8.60510966e-01
    262.5000  -8.06504583e+00  -8.33331512e-01
    263.5000  -8.37806550e-01  -3.61721339e-01
    264.5000  +8.41362755e-02  +5.22112488e-02
    265.5000  +2.28892252e+00  +9.65657072e-01
    266.5000  -5.02769942e-01  -2.58283755e-01
    267.5000  +1.43559862e-01  +9.01972250e-02
    268.5000  +1.24443650e+00  +7.52661445e-01
    269.5000  -1.54817869e+00  -5.57331631e-01
    270.5000  -1.30805410e-01  -8.15928152e-02
    271.5000  -2.89057958e+00  -7.08442537e-01
    272.5000  -8.69554242e+00  -8.56584417e-01
    273.5000  -4.15973158e+00  -7.76174557e-01
    274.5000  -1.06888723e+01  -8.55242283e-01
    275.5000  -5.47224144e+00  -8.00664841e-01
    276.5000  -2.64574065e+00  -6.89975210e-01
    277.5000  -2.94396739e+00  -7.27727671e-01
    278.5000  -1.00137034e+01  -8.60253124e-01
    279.5000  -2.83918984e+01  -8.80771208e-01
    280.5000  -2.26054574e+01  -8.78988137e-01
    281.5000  -5.02605754e+00  -8.11383165e-01
    282.5000  -1.93041807e+00  -6.47312399e-01
    283.5000  -3.30427594e+00  -7.58079714e-01
    284.5000  -1.15426586e+01  -8.88554582e-01
    285.5000  -2.66863322e+01  -8.97572507e-01
    286.5000  -5.94319403e+00  -8.42002591e-01
    287.5000  -3.68522422e-01  -2.13665822e-01
    288.5000  -1.41486508e+00  -5.69386408e-01
    289.5000  +8.36542475e-01  +6.08373820e-01
    291.0000  +1.95119674e+00  +9.66124551e-01
    293.0000  +1.19348543e+00  +8.22924595e-01
    295.0000  +4.95563537e-01  +3.89357246e-01
    297.0000  +1.05678747e-01  +8.18116890e-02
    299.0000  +1.73764786e-01  +1.37436390e-01
    301.0000  -5.52740700e-01  -3.32327425e-01
    303.0000  +1.58418465e-01  +1.26034020e-01
    305.0000  +2.57097366e-01  +2.11204016e-01
    307.0000  +8.43223109e-01  +6.95076905e-01
    309.0000  +1.42011564e-01  +1.22701485e-01
    311.0000  +1.11875774e+00  +8.54854736e-01
    313.0000  +7.30906477e-01  +6.21206300e-01
    315.0000  +2.62526085e-01  +2.44940056e-01
    317.0000  +7.62490283e-01  +6.85688818e-01
    319.0000  +4.20532373e-02  +3.56423527e-02
    321.0000  +3.98909848e-01  +3.64809145e-01
    323.0000  -7.10569962e-01  -4.19869489e-01
    325.0000  +1.10179605e+00  +8.68647844e-01
    327.0000  +1.77397871e+00  +9.85404795e-01
    329.0000  +1.54562262e+00  +9.69919720e-01
    331.0000  +1.05181840e+00  +8.61128061e-01
    333.0000  +1.13420479e+00  +8.96075681e-01
    335.0000  +9.64391785e-01  +8.23512171e-01
    337.0000  -9.91528778e-01  -5.37114268e-01
    339.0000  -1.21420481e-01  -1.01702045e-01
    341.0000  -1.77291115e-01  -1.45466617e-01
    343.0000  +1.21383010e-01  +1.14910220e-01
    345.0000  +1.95053069e-01  +1.94800628e-01
    347.0000  +4.85410700e-01  +4.90183252e-01
    349.0000  +9.71947943e-01  +8.54238490e-01
    351.0000  +1.06736636e+00  +8.97947859e-01
    353.0000  +3.89774518e-01  +4.16904959e-01
    355.0000  +1.06617310e+00  +8.92467791e-01
    357.0000  -1.11826832e+00  -5.65979040e-01
    359.0000  -1.38187782e+00  -6.42437818e-01
    361.0000  +1.60813645e-01  +1.77835559e-01
    363.0000  +1.17832638e-01  +1.31765557e-01
    364.0000  +3.54201725e-01  +4.13399285e-01
    365.0000  +8.73384199e-01  +8.64939551e-01
    367.0000  +1.12265924e+00  +9.46654373e-01
    369.0000  +6.58288250e-01  +7.28982169e-01
    371.0000  +7.52556239e-01  +8.28702722e-01
    373.0000  -1.67279375e+00  -7.00017907e-01
    375.0000  -7.30226282e-01  -4.85233466e-01
    377.0000  +5.73129146e-01  +6.33193041e-01
    379.0000  +7.08951289e-01  +6.98093527e-01
    381.0000  +1.11559549e-01  +1.05816078e-01
    383.0000  -4.52782895e+00  -8.29995102e-01
    385.0000  -1.95061497e+00  -6.92094170e-01
    387.0000  -2.67103312e+00  -7.66325655e-01
    389.0000  -4.55013400e-01  -3.68390256e-01
    391.0000  +9.73153606e-01  +8.50626548e-01
    393.0000  -3.12686599e+00  -7.77392619e-01
    395.0000  +4.18314778e-01  +4.51179812e-01
    397.0000  -1.73501542e+00  -6.93065743e-01
    399.0000  +1.74955969e+00  +9.94859856e-01
    401.0000  +1.95238275e+00  +9.98428402e-01
    403.0000  +1.91972162e+00  +9.97573573e-01
    405.0000  +1.72442164e+00  +9.92083487e-01
    407.0000  +1.45681504e+00  +9.74064592e-01
    409.0000  +1.87194654e+00  +9.99733227e-01
    411.0000  +1.76600817e+00  +9.99876332e-01
    413.0000  +1.88876610e+00  +9.98159249e-01
    415.0000  +1.83014301e+00  +9.95759927e-01
    417.0000  +1.94567790e+00  +9.98084915e-01
    419.0000  +1.61621272e+00  +9.87989005e-01
    421.0000  +1.63639395e+00  +9.91102672e-01
    423.0000  +1.39826644e+00  +9.79411331e-01
    425.0000  +1.36825220e+00  +9.74739504e-01
    427.0000  +1.03285937e+00  +9.15291326e-01
    429.0000  +5.62237588e-01  +6.41357411e-01
    431.0000  -5.63704380e-01  -4.40956895e-01
    433.0000  +1.39095314e+00  +9.91061600e-01
    435.0000  +1.30193586e+00  +9.88043365e-01
    437.0000  +1.67453300e+00  +9.97146854e-01
    439.0000  +1.25295118e+00  +9.67365432e-01
    441.0000  +1.59584931e+00  +9.94274583e-01
    443.0000  +1.87458830e+00  +9.99668270e-01
    445.0000  +1.75094376e+00  +9.99466547e-01
    447.0000  +1.94960696e+00  +9.99100108e-01
    449.0000  +1.97062589e+00  +9.98618098e-01
    451.0000  +2.26841344e+00  +9.93102027e-01
    453.0000  +1.90041927e+00  +9.98956681e-01
    455.0000  +2.05672888e+00  +9.96927713e-01
    457.0000  +2.19096873e+00  +9.94029407e-01
    459.0000  +1.98648997e+00  +9.97227061e-01
    461.0000  +2.02163819e+00  +9.96499050e-01
    463.0000  +2.00379023e+00  +9.96861664e-01
    465.0000  +1.98438116e+00  +9.96790831e-01
    467.0000  +2.07941634e+00  +9.95075967e-01
    469.0000  +1.98460835e+00  +9.96174347e-01
    471.0000  +1.92008385e+00  +9.96841752e-01
    473.0000  +2.02589271e+00  +9.95330582e-01
    475.0000  +2.05613359e+00  +9.93771700e-01
    477.0000  +2.06318055e+00  +9.93326023e-01
    479.0000  +2.04509829e+00  +9.93335453e-01
    481.0000  +1.98882080e+00  +9.94450446e-01
    483.0000  +1.99999614e+00  +9.92809535e-01
    485.0000  +1.65340062e+00  +9.96025058e-01
    487.0000  +1.29417994e+00  +9.99729954e-01
    489.0000  +1.72586869e+00  +9.97189847e-01
    491.0000  +1.77679055e+00  +9.96851535e-01
    493.0000  +1.69591222e+00  +9.98343343e-01
    495.0000  +1.82253371e+00  +9.95826151e-01
    497.0000  +1.87962333e+00  +9.95002073e-01
    499.0000  +1.61989190e+00  +9.99262322e-01
    501.0000  +1.47196021e+00  +9.99892727e-01
    503.0000  +1.65563979e+00  +9.98656193e-01
    505.0000  +1.65244499e+00  +9.98714567e-01
    507.0000  +1.82968372e+00  +9.95494245e-01
    509.0000  +1.67123783e+00  +9.98655177e-01
    511.0000  +1.71203057e+00  +9.98003872e-01
    513.0000  +1.66125189e+00  +9.98838167e-01
    515.0000  +1.48387311e+00  +9.99944183e-01
    517.0000  +9.45003259e-01  +9.64324655e-01
    519.0000  +1.07709485e+00  +9.87658531e-01
    521.0000  +1.47048971e+00  +9.99947010e-01
    523.0000  +1.52079809e+00  +9.99380355e-01
    525.0000  +1.64895585e+00  +9.96864783e-01
    527.0000  +1.18033181e+00  +9.95279560e-01
    529.0000  +1.61524159e+00  +9.97075304e-01
    531.0000  +1.74979799e+00  +9.93390200e-01
    533.0000  +1.36929944e+00  +9.99967261e-01
    535.0000  +1.61928106e+00  +9.96176638e-01
    537.0000  +1.57737164e+00  +9.96881631e-01
    539.0000  +1.55252798e+00  +9.97423005e-01
    541.0000  +1.42366302e+00  +9.99450460e-01
    543.0000  +1.49949515e+00  +9.98427805e-01
    545.0000  +1.55730494e+00  +9.96559963e-01
    547.0000  +1.54715406e+00  +9.96811272e-01
    549.0000  +1.59568975e+00  +9.95821544e-01
    551.0000  +1.53799188e+00  +9.97071931e-01
    553.0000  +1.56179003e+00  +9.95917045e-01
    555.0000  +1.58547753e+00  +9.94797389e-01
    557.0000  +1.47515985e+00  +9.97209156e-01
    559.0000  +1.41508507e+00  +9.98578449e-01
    561.0000  +1.51110187e+00  +9.95816696e-01
    563.0000  +1.54044970e+00  +9.95549949e-01
    565.0000  +1.56649363e+00  +9.94797601e-01
    567.0000  +1.48874391e+00  +9.96630880e-01
    569.0000  +1.52070757e+00  +9.95046270e-01
    571.0000  +1.43985311e+00  +9.97285115e-01
    573.0000  +1.64445521e+00  +9.91032998e-01
    575.0000  +1.54500010e+00  +9.94034120e-01
    577.0000  +1.56491009e+00  +9.93018384e-01
    579.0000  +1.49482077e+00  +9.95438735e-01
    581.0000  +1.54937756e+00  +9.93163656e-01
    583.0000  +1.59465519e+00  +9.91038802e-01
    585.0000  +1.52085645e+00  +9.93477082e-01
    587.0000  +1.52689625e+00  +9.92852545e-01
    589.0000  +1.23329018e+00  +9.99731644e-01
    591.0000  +1.48367948e+00  +9.93982085e-01
    593.0000  +1.48897434e+00  +9.93633607e-01
    595.0000  +1.50040610e+00  +9.92964649e-01
    597.0000  +1.50745389e+00  +9.92401385e-01
    599.0000  +1.48239196e+00  +9.93095199e-01
    601.0000  +1.41555406e+00  +9.94932528e-01
    603.0000  +1.44081559e+00  +9.93760937e-01
    605.0000  +1.51376770e+00  +9.91414234e-01
    607.0000  +1.47258715e+00  +9.92345625e-01
    609.0000  +1.42170156e+00  +9.94555570e-01
    611.0000  +1.39172300e+00  +9.94994046e-01
    613.0000  +1.24744610e+00  +9.98465933e-01
    615.0000  +1.34881694e+00  +9.95872672e-01
    617.0000  +1.20377719e+00  +9.99109485e-01
    619.0000  +1.37816265e+00  +9.94573162e-01
    621.0000  +1.39337301e+00  +9.93732008e-01
    623.0000  +1.29474696e+00  +9.96827782e-01
    625.0000  +1.23353976e+00  +9.98379648e-01
    627.0000  +1.36114777e+00  +9.94667462e-01
    629.0000  +1.36713739e+00  +9.93960572e-01
    631.0000  +1.27327211e+00  +9.96586425e-01
    633.0000  +1.30049746e+00  +9.95898925e-01
    635.0000  +1.33087157e+00  +9.94923939e-01
    637.0000  +1.32106434e+00  +9.94969986e-01
    639.0000  +1.32273115e+00  +9.94503265e-01
    641.0000  +1.23571821e+00  +9.96809430e-01
    643.0000  +1.28629854e+00  +9.95445728e-01
    645.0000  +1.25478599e+00  +9.95732749e-01
    647.0000  +1.22557384e+00  +9.96469048e-01
    649.0000  +1.17598896e+00  +9.97550049e-01
    651.0000  +1.25165795e+00  +9.94535571e-01
    653.0000  +1.23289136e+00  +9.93725763e-01
    655.0000  +1.01604942e+00  +9.94467074e-01
    657.0000  +7.32631938e-01  +9.97289334e-01
    659.0000  +1.11559876e+00  +9.95527844e-01
    661.0000  +1.24641967e+00  +9.93766665e-01
    663.0000  +1.24431844e+00  +9.94601789e-01
    665.0000  +1.24605306e+00  +9.94556266e-01
    667.0000  +1.21132014e+00  +9.95846115e-01
    669.0000  +1.27562587e+00  +9.93116740e-01
    671.0000  +1.20566302e+00  +9.96119381e-01
    673.0000  +1.25293138e+00  +9.93938367e-01
    675.0000  +1.22173043e+00  +9.94962497e-01
    677.0000  +1.23281615e+00  +9.94495030e-01
    679.0000  +1.22554231e+00  +9.94713695e-01
    681.0000  +1.21175033e+00  +9.94971607e-01
    683.0000  +1.22870599e+00  +9.94118289e-01
    685.0000  +1.15077144e+00  +9.96722590e-01
    687.0000  +1.19696050e+00  +9.95058933e-01
    689.0000  +1.21379664e+00  +9.94287083e-01
    691.0000  +1.18433445e+00  +9.94928006e-01
    693.0000  +1.19243827e+00  +9.95127020e-01
    695.0000  +1.17192911e+00  +9.95315682e-01
    697.0000  +1.18766778e+00  +9.94903490e-01
    699.0000  +1.17813114e+00  +9.94978838e-01
    701.0000  +1.09834231e+00  +9.97652849e-01
    703.0000  +1.14643852e+00  +9.96009414e-01
    705.0000  +1.16108809e+00  +9.95278510e-01
    707.0000  +1.13277652e+00  +9.95935427e-01
    709.0000  +1.12074134e+00  +9.96257043e-01
    711.0000  +1.15504335e+00  +9.94679564e-01
    713.0000  +1.09240049e+00  +9.97143922e-01
    715.0000  +1.07910142e+00  +9.97207069e-01
    717.0000  +1.09985511e+00  +9.96469698e-01
    719.0000  +9.93491650e-01  +9.99276424e-01
    721.0000  +1.06470983e+00  +9.97347281e-01
    723.0000  +1.09975218e+00  +9.96381622e-01
    725.0000  +1.11081165e+00  +9.95603723e-01
    727.0000  +1.10184581e+00  +9.95909165e-01
    729.0000  +1.00948651e+00  +9.98547540e-01
    731.0000  +1.07014905e+00  +9.96872380e-01
    733.0000  +1.06696751e+00  +9.96638767e-01
    735.0000  +1.09031933e+00  +9.96117353e-01
    737.0000  +1.09369907e+00  +9.95654378e-01
    739.0000  +1.00461117e+00  +9.98191923e-01
    741.0000  +9.08598246e-01  +9.99630392e-01
    743.0000  +1.01934186e+00  +9.97414839e-01
    745.0000  +1.03528321e+00  +9.97014656e-01
    747.0000  +1.06229693e+00  +9.95965937e-01
    749.0000  +1.03480124e+00  +9.96543645e-01
    751.0000  +1.03202448e+00  +9.96645703e-01
    753.0000  +1.04467988e+00  +9.95917774e-01
    755.0000  +1.06156827e+00  +9.95287577e-01
    757.0000  +1.03356787e+00  +9.96264626e-01
    759.0000  +1.02439187e+00  +9.96536384e-01
    761.0000  +1.02362502e+00  +9.96399717e-01
    763.0000  +1.03055725e+00  +9.96062233e-01
    765.0000  +1.04306844e+00  +9.95146492e-01
    767.0000  +9.28325356e-01  +9.98610170e-01
    769.0000  +1.03644593e+00  +9.95365874e-01
    771.0000  +9.85467630e-01  +9.97214500e-01
    773.0000  +1.00105108e+00  +9.96243531e-01
    775.0000  +9.58077213e-01  +9.97743369e-01
    777.0000  +1.04168793e+00  +9.93892676e-01
    779.0000  +1.01476220e+00  +9.95309902e-01
    781.0000  +1.01927244e+00  +9.95153332e-01
    783.0000  +9.77260428e-01  +9.96429544e-01
    785.0000  +9.80008172e-01  +9.96152335e-01
    787.0000  +1.02350719e+00  +9.94820551e-01
    789.0000  +1.01908056e+00  +9.95252382e-01
    791.0000  +9.77826422e-01  +9.96924780e-01
    793.0000  +9.22778493e-01  +9.98244146e-01
    795.0000  +9.18909185e-01  +9.98413203e-01
    797.0000  +9.94865912e-01  +9.95896065e-01
    799.0000  +1.00283413e+00  +9.95315629e-01
    801.0000  +9.50442197e-01  +9.96934243e-01
    803.0000  +9.65441392e-01  +9.96340378e-01
    805.0000  +9.45735495e-01  +9.96927499e-01
    807.0000  +9.82536894e-01  +9.95951596e-01
    809.0000  +9.17211494e-01  +9.98084882e-01
    811.0000  +9.68955986e-01  +9.96472655e-01
    813.0000  +9.80403411e-01  +9.95706695e-01
    815.0000  +9.69535402e-01  +9.96039458e-01
    817.0000  +9.69640471e-01  +9.96000457e-01
    819.0000  +8.52575307e-01  +9.98978418e-01
    821.0000  +8.83730204e-01  +9.98431277e-01
    823.0000  +8.75112637e-01  +9.98425823e-01
    825.0000  +9.26361576e-01  +9.96795765e-01
    827.0000  +9.63035901e-01  +9.95636440e-01
    829.0000  +9.50971500e-01  +9.95982600e-01
    831.0000  +9.08817064e-01  +9.97643546e-01
    833.0000  +8.78650872e-01  +9.98330329e-01
    835.0000  +9.13813621e-01  +9.97326178e-01
    837.0000  +9.30485771e-01  +9.96641212e-01
    839.0000  +8.55805527e-01  +9.99044352e-01
    841.0000  +9.28630692e-01  +9.96438930e-01
    843.0000  +8.63344914e-01  +9.98383137e-01
    845.0000  +9.12368361e-01  +9.96121008e-01
    847.0000  +8.69869656e-01  +9.97740410e-01
    849.0000  +9.00879741e-01  +9.96188440e-01
    851.0000  +7.21221522e-01  +9.98757562e-01
    853.0000  +9.00949675e-01  +9.95973003e-01
    855.0000  +6.30817502e-01  +9.94685248e-01
    857.0000  +9.27856909e-01  +9.94884817e-01
    859.0000  +8.56459443e-01  +9.97100842e-01
    861.0000  +8.58686969e-01  +9.96916469e-01
    863.0000  +9.00747288e-01  +9.95731542e-01
    865.0000  +9.08157351e-01  +9.94930270e-01
    867.0000  +5.74496697e-01  +9.89730446e-01
    869.0000  +8.02785985e-01  +9.98933714e-01
    871.0000  +8.76924289e-01  +9.96905876e-01
    873.0000  +8.72469320e-01  +9.96180361e-01
    875.0000  +7.97304223e-01  +9.96773718e-01
    877.0000  +8.83467120e-01  +9.95352448e-01
    879.0000  +8.76190182e-01  +9.96654714e-01
    881.0000  +7.91655633e-01  +9.99154518e-01
    883.0000  +8.51778220e-01  +9.97262829e-01
    885.0000  +8.41531864e-01  +9.95313333e-01
    887.0000  +7.56653780e-01  +9.97012341e-01
    889.0000  +8.90560562e-01  +9.94845836e-01
    891.0000  +9.24457453e-01  +9.93676010e-01
    893.0000  +8.68890677e-01  +9.96697470e-01
    895.0000  +8.64640603e-01  +9.96731623e-01
    897.0000  +8.79598933e-01  +9.95825059e-01
    899.0000  +8.91582051e-01  +9.94579964e-01
    901.0000  +7.01043643e-01  +9.98063820e-01
    903.0000  +8.32763375e-01  +9.94557365e-01
    905.0000  +9.16078213e-01  +9.93108401e-01
    907.0000  +8.86607082e-01  +9.94656239e-01
    909.0000  +7.89574324e-01  +9.98204380e-01
    911.0000  +8.45758038e-01  +9.96976414e-01
    913.0000  +8.87121816e-01  +9.94557688e-01
    915.0000  +8.93207215e-01  +9.94759438e-01
    917.0000  +8.89206488e-01  +9.94540335e-01
    919.0000  +9.12187436e-01  +9.92382167e-01
    921.0000  +8.21038260e-01  +9.95689707e-01
    923.0000  +7.67444478e-01  +9.91017174e-01
    925.0000  +8.01500239e-01  +9.95578346e-01
    927.0000  +8.59970496e-01  +9.94527506e-01
    929.0000  +8.87334375e-01  +9.94255080e-01
    931.0000  +9.03777983e-01  +9.93256916e-01
    933.0000  +8.80951358e-01  +9.94416550e-01
    935.0000  +8.72036451e-01  +9.94690466e-01
    937.0000  +8.69805412e-01  +9.94918586e-01
    939.0000  +8.91276240e-01  +9.93385465e-01
    941.0000  +7.60407670e-01  +9.98264054e-01
    943.0000  +8.79832303e-01  +9.93877351e-01
    945.0000  +8.35596079e-01  +9.96022684e-01
    947.0000  +8.86601911e-01  +9.93188901e-01
    949.0000  +9.01113111e-01  +9.92197238e-01
    951.0000  +8.77260999e-01  +9.92634749e-01
    953.0000  +8.38128264e-01  +9.92679892e-01
    955.0000  +7.46104571e-01  +9.89219884e-01
    957.0000  +8.25429094e-01  +9.93832484e-01
    959.0000  +8.86142615e-01  +9.91871534e-01
    961.0000  +8.76595366e-01  +9.93284025e-01
    963.0000  +8.48891096e-01  +9.94086326e-01
    965.0000  +8.24305886e-01  +9.95722639e-01
    967.0000  +8.50682078e-01  +9.93898303e-01
    969.0000  +8.85563453e-01  +9.92026157e-01
    971.0000  +8.56843075e-01  +9.94248617e-01
    973.0000  +8.69514656e-01  +9.93630564e-01
    975.0000  +8.39881111e-01  +9.94457882e-01
    977.0000  +8.57471273e-01  +9.93793718e-01
    979.0000  +8.50755884e-01  +9.94590794e-01
    981.0000  +8.62076480e-01  +9.93336930e-01
    983.0000  +8.68192653e-01  +9.92599366e-01
    985.0000  +8.75733873e-01  +9.91679804e-01
    987.0000  +8.41228220e-01  +9.93452624e-01
    989.0000  +8.50936282e-01  +9.92806577e-01
    991.0000  +8.49492520e-01  +9.93315155e-01
    993.0000  +8.80550518e-01  +9.90999916e-01
    995.0000  +8.73578481e-01  +9.91465792e-01
    997.0000  +8.76803689e-01  +9.90868585e-01
    999.0000  +8.69679666e-01  +9.91402274e-01
   1002.5000  +8.26847006e-01  +9.89972799e-01
   1007.5000  +8.12052441e-01  +9.89463750e-01
   1012.5000  +8.67995627e-01  +9.90513543e-01
   1017.5000  +8.43215978e-01  +9.92145262e-01
   1022.5000  +8.51879044e-01  +9.91761881e-01
   1027.5000  +8.74844935e-01  +9.90081674e-01
   1032.5000  +8.31042549e-01  +9.92547708e-01
   1037.5000  +8.37416387e-01  +9.91683744e-01
   1042.5000  +8.60125146e-01  +9.90387501e-01
   1047.5000  +8.45793106e-01  +9.90752272e-01
   1052.5000  +8.52437151e-01  +9.89899054e-01
   1057.5000  +8.39653962e-01  +9.89916712e-01
   1062.5000  +8.22092563e-01  +9.90937396e-01
   1067.5000  +7.86576569e-01  +9.92245168e-01
   1072.5000  +8.27855396e-01  +9.90046694e-01
   1077.5000  +7.97267853e-01  +9.92095907e-01
   1082.5000  +7.67422814e-01  +9.93246470e-01
   1087.5000  +7.77910974e-01  +9.91876714e-01
   1092.5000  +7.54441246e-01  +9.84075763e-01
   1097.5000  +7.51117999e-01  +9.90071288e-01
   1102.5000  +8.31303630e-01  +9.87734754e-01
   1107.5000  +8.49216683e-01  +9.86728994e-01
   1112.5000  +8.41394848e-01  +9.87198347e-01
   1117.5000  +8.28645180e-01  +9.87460929e-01
   1122.5000  +8.49749481e-01  +9.85684461e-01
   1127.5000  +8.02117475e-01  +9.87997346e-01
   1132.5000  +8.33703440e-01  +9.85484886e-01
   1137.5000  +8.17557163e-01  +9.87547905e-01
   1142.5000  +7.94128586e-01  +9.88486775e-01
   1147.5000  +8.44101861e-01  +9.85282730e-01
   1152.5000  +8.50751605e-01  +9.84083302e-01
   1157.5000  +8.36322266e-01  +9.84417765e-01
   1162.5000  +7.98408844e-01  +9.86813373e-01
   1167.5000  +8.23642077e-01  +9.83313234e-01
   1172.5000  +8.57779724e-01  +9.82388716e-01
   1177.5000  +8.15592336e-01  +9.83582165e-01
   1182.5000  +8.05830215e-01  +9.84173115e-01
   1187.5000  +7.99413797e-01  +9.84588442e-01
   1192.5000  +8.63869774e-01  +9.80506373e-01
   1197.5000  +7.64298931e-01  +9.87239293e-01
   1202.5000  +8.21768888e-01  +9.81696571e-01
   1207.5000  +8.05632583e-01  +9.82700102e-01
   1212.5000  +8.43139693e-01  +9.80339794e-01
   1217.5000  +8.74235019e-01  +9.76739451e-01
   1222.5000  +8.75042879e-01  +9.76854034e-01
   1227.5000  +8.49235639e-01  +9.78393927e-01
   1232.5000  +8.63228980e-01  +9.77519976e-01
   1237.5000  +8.60798453e-01  +9.77299016e-01
   1242.5000  +8.59328978e-01  +9.76239396e-01
   1247.5000  +8.70239143e-01  +9.76222815e-01
   1252.5000  +8.66885008e-01  +9.75278674e-01
   1257.5000  +8.59545299e-01  +9.75027775e-01
   1262.5000  +8.57713733e-01  +9.75771924e-01
   1267.5000  +8.41274655e-01  +9.76039048e-01
   1272.5000  +8.60777949e-01  +9.73492623e-01
   1277.5000  +8.30961541e-01  +9.70516444e-01
   1282.5000  +6.99405413e-01  +9.67233708e-01
   1287.5000  +8.28310425e-01  +9.71524395e-01
   1292.5000  +8.53830054e-01  +9.73043360e-01
   1297.5000  +8.69462901e-01  +9.70383132e-01
   1302.5000  +8.58958252e-01  +9.71875379e-01
   1307.5000  +8.71500141e-01  +9.71242988e-01
   1312.5000  +8.41631091e-01  +9.72302898e-01
   1317.5000  +8.36891830e-01  +9.71998463e-01
   1322.5000  +8.78129668e-01  +9.68419983e-01
   1327.5000  +8.45090870e-01  +9.71184561e-01
   1332.5000  +8.68823366e-01  +9.68155092e-01
   1337.5000  +8.64773958e-01  +9.68403508e-01
   1342.5000  +8.82008494e-01  +9.66538410e-01
   1347.5000  +8.76722669e-01  +9.66142953e-01
   1352.5000  +8.79264936e-01  +9.64642279e-01
   1357.5000  +8.50496330e-01  +9.67320551e-01
   1362.5000  +8.63190085e-01  +9.66846902e-01
   1367.5000  +8.68969453e-01  +9.65355015e-01
   1372.5000  +8.74595637e-01  +9.63380886e-01
   1377.5000  +8.66862252e-01  +9.63633897e-01
   1382.5000  +8.74520818e-01  +9.62240593e-01
   1387.5000  +8.68140454e-01  +9.63456731e-01
   1392.5000  +8.68747810e-01  +9.61219492e-01
   1397.5000  +8.67096341e-01  +9.60930362e-01
   1402.5000  +8.52610004e-01  +9.62496848e-01
   1407.5000  +8.68885314e-01  +9.60639830e-01
   1412.5000  +8.46153464e-01  +9.62017158e-01
   1417.5000  +8.74394977e-01  +9.57939393e-01
   1422.5000  +8.32281661e-01  +9.61464181e-01
   1427.5000  +8.10593167e-01  +9.63657297e-01
   1432.5000  +8.58363940e-01  +9.58263753e-01
   1437.5000  +8.77681944e-01  +9.55334953e-01
   1442.5000  +8.10817277e-01  +9.60057851e-01
   1447.5000  +8.67182942e-01  +9.56073956e-01
   1452.5000  +8.29276488e-01  +9.57449153e-01
   1457.0000  +8.42583547e-01  +9.56845752e-01
   1462.0000  +8.63213361e-01  +9.53380547e-01
   1467.5000  +8.62169212e-01  +9.53174895e-01
   1472.5000  +8.35157804e-01  +9.55331144e-01
   1477.5000  +8.41781875e-01  +9.53262608e-01
   1482.5000  +8.45201875e-01  +9.52590803e-01
   1487.5000  +7.96003990e-01  +9.56572995e-01
   1492.5000  +8.62031374e-01  +9.49924063e-01
   1497.5000  +8.37810328e-01  +9.51987319e-01
   1502.5000  +7.58945429e-01  +9.58459079e-01
   1507.5000  +7.80336084e-01  +9.56212158e-01
   1512.5000  +8.47072425e-01  +9.50167519e-01
   1517.5000  +8.52956767e-01  +9.49737044e-01
   1522.5000  +8.21402252e-01  +9.50943035e-01
   1527.5000  +8.36779652e-01  +9.48586514e-01
   1532.5000  +8.28253020e-01  +9.48012095e-01
   1537.5000  +8.22786478e-01  +9.47620587e-01
   1542.5000  +8.43032518e-01  +9.44884097e-01
   1547.5000  +8.30975186e-01  +9.44972030e-01
   1552.5000  +8.04393407e-01  +9.46460372e-01
   1557.5000  +8.13082597e-01  +9.46631539e-01
   1562.5000  +8.07771926e-01  +9.42022183e-01
   1567.5000  +7.88426445e-01  +9.47044798e-01
   1572.5000  +8.07118452e-01  +9.43326026e-01
   1577.5000  +7.28744593e-01  +9.50311723e-01
   1582.5000  +7.71166952e-01  +9.44352861e-01
   1587.5000  +7.42632840e-01  +9.50611449e-01
   1592.5000  +7.82188542e-01  +9.45290200e-01
   1597.5000  +7.95643129e-01  +9.43239334e-01
   1605.0000  +7.76574350e-01  +9.41056335e-01
   1615.0000  +7.70373777e-01  +9.40981081e-01
   1625.0000  +8.00139994e-01  +9.41805444e-01
   1635.0000  +7.56804103e-01  +9.39953162e-01
   1645.0000  +7.51537451e-01  +9.39266602e-01
   1655.0000  +7.97528508e-01  +9.39635941e-01
   1665.0000  +7.98374742e-01  +9.39159360e-01
   1675.0000  +7.36463104e-01  +9.37635811e-01
   1685.0000  +7.27101431e-01  +9.36629996e-01
   1695.0000  +7.94177268e-01  +9.38576966e-01
   1705.0000  +7.76910544e-01  +9.41664514e-01
   1715.0000  +7.71991655e-01  +9.41948646e-01
   1725.0000  +7.53605650e-01  +9.40930056e-01
   1735.0000  +6.72022892e-01  +9.34728727e-01
   1745.0000  +7.21690868e-01  +9.38479396e-01
   1755.0000  +7.61513966e-01  +9.40683990e-01
   1765.0000  +7.62636908e-01  +9.41189428e-01
   1775.0000  +7.57369350e-01  +9.43115640e-01
   1785.0000  +7.57312774e-01  +9.41516827e-01
   1795.0000  +7.51486348e-01  +9.43073860e-01
   1805.0000  +7.32913251e-01  +9.41708106e-01
   1815.0000  +6.46178328e-01  +9.32799753e-01
   1825.0000  +6.82936136e-01  +9.39783825e-01
   1835.0000  +7.24505991e-01  +9.42702709e-01
   1845.0000  +7.06570029e-01  +9.46296956e-01
   1855.0000  +7.19262404e-01  +9.44415638e-01
   1865.0000  +6.81718945e-01  +9.45798122e-01
   1875.0000  +5.66910990e-01  +9.36426436e-01
   1885.0000  +6.77019971e-01  +9.42153084e-01
   1895.0000  +6.60019054e-01  +9.49631925e-01
   1905.0000  +7.01121438e-01  +9.45072590e-01
   1915.0000  +6.92934339e-01  +9.46281552e-01
   1925.0000  +6.86101826e-01  +9.46398755e-01
   1935.0000  +6.54884453e-01  +9.46168303e-01
   1945.0000  +5.63633170e-01  +9.36640913e-01
   1955.0000  +6.52970985e-01  +9.43604756e-01
   1965.0000  +6.64439195e-01  +9.47459667e-01
   1975.0000  +6.56676773e-01  +9.50278446e-01
   1985.0000  +6.71663945e-01  +9.46956533e-01
   1995.0000  +6.64820519e-01  +9.49700019e-01
   2005.0000  +6.75541336e-01  +9.46966821e-01
   2015.0000  +6.81587959e-01  +9.44395755e-01
   2025.0000  +6.67417378e-01  +9.48361901e-01
   2035.0000  +6.38356420e-01  +9.50639860e-01
   2045.0000  +6.64003599e-01  +9.47113183e-01
   2055.0000  +6.58536474e-01  +9.45305693e-01
   2065.0000  +6.38154381e-01  +9.47786631e-01
   2075.0000  +6.40917539e-01  +9.49034828e-01
   2085.0000  +6.50976805e-01  +9.46817826e-01
   2095.0000  +6.28484086e-01  +9.49990356e-01
   2105.0000  +6.39192950e-01  +9.48371868e-01
   2115.0000  +6.36569171e-01  +9.49714704e-01
   2125.0000  +6.30258662e-01  +9.49459948e-01
   2135.0000  +6.32985121e-01  +9.48383825e-01
   2145.0000  +6.25455093e-01  +9.46870534e-01
   2155.0000  +6.07604879e-01  +9.46052730e-01
   2165.0000  +5.24092147e-01  +9.37049964e-01
   2175.0000  +5.89094491e-01  +9.48815028e-01
   2185.0000  +5.91038195e-01  +9.51480793e-01
   2195.0000  +6.23882238e-01  +9.49600557e-01
   2205.0000  +5.81405415e-01  +9.54158632e-01
   2215.0000  +6.06990693e-01  +9.50601186e-01
   2225.0000  +6.11278549e-01  +9.50691579e-01
   2235.0000  +6.07837720e-01  +9.51074381e-01
   2245.0000  +5.86904025e-01  +9.52810862e-01
   2255.0000  +5.98070124e-01  +9.51647388e-01
   2265.0000  +5.81711041e-01  +9.53726113e-01
   2275.0000  +5.95050906e-01  +9.50185944e-01
   2285.0000  +5.71221380e-01  +9.52931646e-01
   2295.0000  +6.10882671e-01  +9.62176195e-01
   2305.0000  +6.02598922e-01  +9.55060618e-01
   2315.0000  +5.94627830e-01  +9.53240052e-01
   2325.0000  +5.98336096e-01  +9.68075651e-01
   2335.0000  +5.81730865e-01  +9.60653412e-01
   2345.0000  +5.95012540e-01  +9.57761243e-01
   2355.0000  +5.75683018e-01  +9.71120184e-01
   2365.0000  +5.79788071e-01  +9.60417651e-01
   2375.0000  +5.73772113e-01  +9.57757150e-01
   2385.0000  +5.60093799e-01  +9.69585811e-01
   2395.0000  +5.79019897e-01  +9.61712631e-01
   2405.0000  +5.71193930e-01  +9.59379435e-01
   2415.0000  +5.64147527e-01  +9.67166394e-01
   2425.0000  +5.62593150e-01  +9.62859099e-01
   2435.0000  +5.51233012e-01  +9.61675696e-01
   2445.0000  +5.62294923e-01  +9.65417310e-01
   2455.0000  +5.36313666e-01  +9.67404746e-01
   2465.0000  +5.55084709e-01  +9.60629092e-01
   2475.0000  +5.38962119e-01  +9.65595926e-01
   2485.0000  +5.14408780e-01  +9.67160859e-01
   2495.0000  +5.38562926e-01  +9.61808818e-01
   2505.0000  +5.44111717e-01  +9.59702708e-01
   2515.0000  +5.32937806e-01  +9.66142502e-01
   2525.0000  +5.37753267e-01  +9.61339278e-01
   2535.0000  +5.16366469e-01  +9.61275252e-01
   2545.0000  +5.21348304e-01  +9.65253987e-01
   2555.0000  +5.07951385e-01  +9.63888088e-01
   2565.0000  +5.06574140e-01  +9.64504992e-01
   2575.0000  +5.20000260e-01  +9.60278725e-01
   2585.0000  +4.88574911e-01  +9.67430649e-01
   2595.0000  +5.08690694e-01  +9.64195812e-01
   2605.0000  +4.96185338e-01  +9.60111009e-01
   2615.0000  +4.90573734e-01  +9.60282335e-01
   2625.0000  +4.23025757e-01  +9.53708376e-01
   2635.0000  +4.73082770e-01  +9.62989117e-01
   2645.0000  +4.72533718e-01  +9.66315627e-01
   2655.0000  +4.77694348e-01  +9.65612909e-01
   2665.0000  +4.55142003e-01  +9.71047771e-01
   2675.0000  +4.81445481e-01  +9.62582498e-01
   2685.0000  +4.78109495e-01  +9.62621907e-01
   2695.0000  +4.86492858e-01  +9.65841169e-01
   2705.0000  +4.82802927e-01  +9.64170086e-01
   2715.0000  +4.73588215e-01  +9.62864921e-01
   2725.0000  +4.67455400e-01  +9.66556197e-01
   2735.0000  +4.78640654e-01  +9.65264247e-01
   2745.0000  +4.76642051e-01  +9.64488118e-01
   2755.0000  +4.58898743e-01  +9.62606526e-01
   2765.0000  +4.49540426e-01  +9.65796134e-01
   2775.0000  +4.58979483e-01  +9.65587992e-01
   2785.0000  +4.67502550e-01  +9.66024678e-01
   2795.0000  +4.63342934e-01  +9.67881258e-01
   2805.0000  +4.62749645e-01  +9.63355434e-01
   2815.0000  +4.60486802e-01  +9.67597073e-01
   2825.0000  +4.59630799e-01  +9.63324946e-01
   2835.0000  +4.62801610e-01  +9.66625912e-01
   2845.0000  +4.53566934e-01  +9.66333689e-01
   2855.0000  +4.52161579e-01  +9.66548988e-01
   2865.0000  +4.36587985e-01  +9.63040086e-01
   2875.0000  +4.25182249e-01  +9.62842620e-01
   2885.0000  +4.43152478e-01  +9.67110619e-01
   2895.0000  +4.40443689e-01  +9.68138562e-01
   2905.0000  +4.40525263e-01  +9.66427024e-01
   2915.0000  +4.44945960e-01  +9.65930228e-01
   2925.0000  +4.33319383e-01  +9.72880010e-01
   2935.0000  +4.40999814e-01  +9.66040004e-01
   2945.0000  +4.32953304e-01  +9.69915788e-01
   2955.0000  +4.32650426e-01  +9.69513253e-01
   2965.0000  +4.23176465e-01  +9.72636777e-01
   2975.0000  +4.19807578e-01  +9.72363559e-01
   2985.0000  +4.28961639e-01  +9.69493188e-01
   2995.0000  +4.18512497e-01  +9.72579137e-01
   3005.0000  +4.04505039e-01  +9.72210721e-01
   3015.0000  +4.22915970e-01  +9.69905575e-01
   3025.0000  +4.10156111e-01  +9.72127962e-01
   3035.0000  +3.88201170e-01  +9.67689809e-01
   3045.0000  +3.90535387e-01  +9.68571688e-01
   3055.0000  +4.00803654e-01  +9.69652463e-01
   3065.0000  +3.88000455e-01  +9.75861055e-01
   3075.0000  +3.93803196e-01  +9.74163117e-01
   3085.0000  +3.98725368e-01  +9.72460653e-01
   3095.0000  +3.99983636e-01  +9.72336420e-01
   3105.0000  +3.91844286e-01  +9.72790770e-01
   3115.0000  +3.60180430e-01  +9.75219252e-01
   3125.0000  +3.96000373e-01  +9.71849632e-01
   3135.0000  +3.81487603e-01  +9.75207975e-01
   3145.0000  +3.83026834e-01  +9.75234811e-01
   3155.0000  +3.75194796e-01  +9.73620752e-01
   3165.0000  +3.72806418e-01  +9.74243758e-01
   3175.0000  +3.79815268e-01  +9.76641914e-01
   3185.0000  +3.79236441e-01  +9.74812741e-01
   3195.0000  +3.75202370e-01  +9.73372510e-01
   3210.0000  +3.74546326e-01  +9.77143103e-01
   3230.0000  +3.77849704e-01  +9.76586711e-01
   3250.0000  +3.86493525e-01  +9.74657152e-01
   3270.0000  +3.62910481e-01  +9.77657642e-01
   3290.0000  +3.48726331e-01  +9.72485235e-01
   3310.0000  +3.49783773e-01  +9.76462613e-01
   3330.0000  +3.42646710e-01  +9.80132351e-01
   3350.0000  +3.50263433e-01  +9.80649891e-01
   3370.0000  +3.47030545e-01  +9.80677814e-01
   3390.0000  +3.31028233e-01  +9.84153891e-01
   3410.0000  +3.35863728e-01  +9.81836932e-01
   3430.0000  +3.38159148e-01  +9.82445121e-01
   3450.0000  +3.42725357e-01  +9.79431331e-01
   3470.0000  +3.30248976e-01  +9.83844740e-01
   3490.0000  +3.26194932e-01  +9.83798591e-01
   3510.0000  +3.30612646e-01  +9.81002654e-01
   3530.0000  +3.19574865e-01  +9.83558080e-01
   3550.0000  +3.21018913e-01  +9.82835573e-01
   3570.0000  +3.07440691e-01  +9.86812418e-01
   3590.0000  +3.06030765e-01  +9.87300586e-01
   3610.0000  +3.10531371e-01  +9.85646256e-01
   3630.0000  +3.04607644e-01  +9.87452646e-01
   3650.0000  +2.96516240e-01  +9.88332871e-01
   3670.0000  +2.88720620e-01  +9.89955856e-01
   3690.0000  +2.74507071e-01  +9.92277095e-01
   3710.0000  +2.69459650e-01  +9.93598553e-01
   3730.0000  +2.85382212e-01  +9.88335140e-01
   3750.0000  +2.64609802e-01  +9.92768683e-01
   3770.0000  +2.75268860e-01  +9.91425192e-01
   3790.0000  +2.70391650e-01  +9.93007879e-01
   3810.0000  +2.77274786e-01  +9.90762651e-01
   3830.0000  +2.78014934e-01  +9.90212291e-01
   3850.0000  +2.73940244e-01  +9.92026284e-01
   3870.0000  +2.62288222e-01  +9.93578897e-01
   3890.0000  +2.60214147e-01  +9.93358083e-01
   3910.0000  +2.64700692e-01  +9.92107919e-01
   3930.0000  +2.66742696e-01  +9.91406772e-01
   3950.0000  +2.46471857e-01  +9.95230635e-01
   3970.0000  +2.51317119e-01  +9.94985089e-01
   3990.0000  +2.30872059e-01  +9.95926947e-01
   4010.0000  +2.41587920e-01  +9.95169393e-01
   4030.0000  +2.49765068e-01  +9.94107281e-01
   4050.0000  +2.33035587e-01  +9.94541628e-01
   4070.0000  +2.42776188e-01  +9.94151893e-01
   4090.0000  +2.36833339e-01  +9.95450247e-01
   4110.0000  +2.33788722e-01  +9.96147181e-01
   4130.0000  +2.37320918e-01  +9.95492337e-01
   4150.0000  +2.30157768e-01  +9.95596100e-01
   4170.0000  +2.31824221e-01  +9.94939982e-01
   4190.0000  +2.20945481e-01  +9.94911016e-01
   4210.0000  +2.07467637e-01  +9.92948611e-01
   4230.0000  +2.26826779e-01  +9.95636121e-01
   4250.0000  +2.20011375e-01  +9.94209643e-01
   4270.0000  +2.24976221e-01  +9.94820695e-01
   4290.0000  +1.06900601e-01  +8.12090568e-01
   4310.0000  +3.81237089e-02  +3.12057114e-01
   4330.0000  +8.98383299e-02  +7.23190682e-01
   4350.0000  -7.27153772e-02  -3.78574547e-01
   4370.0000  -6.18018251e-02  -3.31689317e-01
   4390.0000  -3.26167025e-02  -1.99928188e-01
   4410.0000  -2.00457194e-01  -6.06299379e-01
   4430.0000  -1.22197015e-01  -4.90107549e-01
   4450.0000  -1.03319796e-01  -4.36819705e-01
   4470.0000  -2.79065256e-01  -6.70968849e-01
   4490.0000  -1.56939188e-01  -5.49258476e-01
   4510.0000  -1.69699811e-01  -5.54720512e-01
   4530.0000  -3.02058720e-01  -6.74502119e-01
   4550.0000  -2.22607088e-01  -6.26445771e-01
   4570.0000  -1.59707702e-01  -5.46031066e-01
   4590.0000  -2.91653384e-01  -6.66747690e-01
   4610.0000  -2.28068178e-01  -6.33698244e-01
   4630.0000  -2.28612050e-01  -6.33626070e-01
   4650.0000  -1.29538644e-01  -4.69792061e-01
   4670.0000  -1.65966860e-01  -5.59327205e-01
   4690.0000  -1.94200540e-01  -6.06656265e-01
   4710.0000  -1.54891738e-01  -5.40009591e-01
   4730.0000  -1.11539842e-01  -4.70385113e-01
   4750.0000  -1.52163742e-01  -5.50483995e-01
   4770.0000  -1.55038586e-01  -5.50113121e-01
   4790.0000  -1.26126852e-01  -4.95682580e-01
   4810.0000  -1.71592317e-01  -5.71798664e-01
   4830.0000  -1.11394606e-01  -4.71183310e-01
   4850.0000  -1.18342721e-01  -4.87097449e-01
   4870.0000  -1.30173554e-01  -5.05810142e-01
   4890.0000  -1.20228185e-01  -4.86444234e-01
   4910.0000  -1.17569529e-01  -4.77517485e-01
   4930.0000  -1.15761724e-01  -4.68955110e-01
   4950.0000  -1.16691504e-01  -4.70770665e-01
   4970.0000  -1.23519581e-01  -4.84960256e-01
   4990.0000  -1.11469617e-01  -4.55327733e-01
   5010.0000  -8.71736867e-02  -3.95513863e-01
   5030.0000  -8.18381448e-02  -3.82209794e-01
   5050.0000  -1.25423062e-01  -4.87474053e-01
   5070.0000  -1.08426814e-01  -4.53967353e-01
   5090.0000  -6.35932481e-02  -3.18726718e-01
   5110.0000  -9.98938349e-02  -4.24275517e-01
   5130.0000  -7.20717095e-02  -3.47369606e-01
   5150.0000  -9.71503239e-02  -4.28378084e-01
   5170.0000  -5.16807233e-02  -2.73422353e-01
   5190.0000  -9.90294426e-02  -4.32937707e-01
   5210.0000  -9.61756654e-02  -4.24123976e-01
   5230.0000  -9.86493973e-02  -4.34832352e-01
   5250.0000  -7.86688002e-02  -3.85757451e-01
   5270.0000  -5.81363417e-02  -3.11918481e-01
   5290.0000  -1.07446137e-01  -4.60461834e-01
   5310.0000  -7.45558684e-02  -3.67874750e-01
   5330.0000  -8.72263164e-02  -4.11698357e-01
   5350.0000  -6.31954900e-02  -3.30515915e-01
   5370.0000  -6.63583897e-02  -3.43588471e-01
   5390.0000  -6.25482676e-02  -3.29560622e-01
   5410.0000  -6.84923264e-02  -3.49851225e-01
   5430.0000  -9.52621334e-02  -4.36626813e-01
   5450.0000  -6.70234877e-02  -3.50899231e-01
   5470.0000  -6.19170615e-02  -3.30559010e-01
   5490.0000  -8.09428995e-02  -3.96643353e-01
   5510.0000  -5.61012690e-02  -3.09179341e-01
   5530.0000  -3.89190074e-02  -2.34243474e-01
   5550.0000  -8.07344742e-02  -3.93310215e-01
   5570.0000  -3.13621947e-02  -1.96858173e-01
   5590.0000  -6.08928020e-02  -3.26630250e-01
   5610.0000  -6.61361682e-02  -3.48775169e-01
   5630.0000  -6.05884619e-02  -3.24695500e-01
   5650.0000  -3.31621590e-02  -2.00466740e-01
   5670.0000  -3.02796840e-02  -1.88621401e-01
   5690.0000  -5.55585083e-02  -3.07660316e-01
   5710.0000  -3.24347215e-02  -2.02212416e-01
   5730.0000  -4.06025603e-02  -2.37763438e-01
   5750.0000  -4.55136912e-02  -2.64920740e-01
   5770.0000  -2.81117877e-02  -1.74246395e-01
   5790.0000  -3.17565215e-02  -1.95630128e-01
   5810.0000  -3.18853382e-02  -1.96114817e-01
   5830.0000  -3.34225624e-02  -2.04745351e-01
   5850.0000  -2.23860381e-02  -1.42765607e-01
   5870.0000  -2.52076412e-02  -1.58445078e-01
   5890.0000  -3.05606829e-02  -1.87709997e-01
   5910.0000  +5.02673150e-03  +3.54029091e-02
   5930.0000  -1.48479976e-02  -9.67408730e-02
   5950.0000  -2.52942561e-02  -1.58215714e-01
   5970.0000  -1.53497855e-02  -1.02206812e-01
   5990.0000  -1.19672207e-02  -7.97466048e-02
   6010.0000  -1.02786591e-02  -6.93821380e-02
   6030.0000  -1.43613881e-02  -9.65305894e-02
   6050.0000  -1.71682690e-02  -1.12917983e-01
   6070.0000  -1.90121447e-02  -1.24015848e-01
   6090.0000  -1.94107163e-02  -1.27121337e-01
   6110.0000  -2.37929478e-02  -1.50223562e-01
   6130.0000  -9.22407686e-03  -6.25365252e-02
   6150.0000  -2.15084872e-02  -1.37075914e-01
   6170.0000  -2.06162276e-02  -1.33312883e-01
   6190.0000  -7.36944219e-03  -5.13607397e-02
   6210.0000  -9.65756458e-03  -6.80372666e-02
   6230.0000  -2.33449190e-02  -1.54470038e-01
   6250.0000  -1.97831533e-02  -1.30649678e-01
   6270.0000  -1.49869988e-02  -9.98177132e-02
   6290.0000  -1.63574663e-02  -1.10744381e-01
   6310.0000  -2.01044948e-02  -1.30967447e-01
   6330.0000  -6.09775512e-03  -4.29538310e-02
   6350.0000  -1.37242232e-02  -9.25665551e-02
   6370.0000  -1.76794720e-02  -1.21326329e-01
   6390.0000  -1.43308213e-02  -9.82317748e-02
   6420.0000  -1.67446682e-02  -1.13743364e-01
   6460.0000  -2.49779191e-02  -1.63267087e-01
   6500.0000  -3.04723302e-02  -1.94362568e-01
   6540.0000  -2.74891540e-02  -1.79769286e-01
   6580.0000  -3.38889179e-02  -2.15199933e-01
   6620.0000  -3.23006945e-02  -2.06947738e-01
   6660.0000  -3.78722018e-02  -2.33053320e-01
   6700.0000  -4.85967601e-02  -2.92738480e-01
   6740.0000  -4.45660776e-02  -2.66488681e-01
   6780.0000  -5.05448439e-02  -2.96568232e-01
   6820.0000  -5.47349434e-02  -3.20487522e-01
   6860.0000  -6.26813927e-02  -3.50419367e-01
   6900.0000  -6.26382250e-02  -3.51378072e-01
   6940.0000  -6.34519768e-02  -3.57215590e-01
   6980.0000  -5.83741219e-02  -3.38975271e-01
   7020.0000  -7.61461810e-02  -4.02088032e-01
   7060.0000  -7.23302968e-02  -3.90558175e-01
   7100.0000  -8.23316640e-02  -4.30876512e-01
   7140.0000  -8.65770506e-02  -4.30176330e-01
   7180.0000  -9.69030199e-02  -4.55156895e-01
   7220.0000  -1.01414292e-01  -4.71831836e-01
   7260.0000  -9.27766252e-02  -4.56438704e-01
   7300.0000  -9.46468209e-02  -4.58226102e-01
   7340.0000  -1.14143609e-01  -5.07984707e-01
   7380.0000  -1.00357904e-01  -4.77980762e-01
   7420.0000  -1.18650270e-01  -5.26035760e-01
   7460.0000  -1.25891988e-01  -5.47322381e-01
   7500.0000  -1.12898376e-01  -5.11616353e-01
   7540.0000  -1.15144721e-01  -5.16526328e-01
   7580.0000  -1.19069091e-01  -5.29179353e-01
   7620.0000  -1.38664005e-01  -5.62680967e-01
   7660.0000  -1.37076305e-01  -5.54706892e-01
   7700.0000  -1.30780679e-01  -5.56220404e-01
   7740.0000  -1.34445780e-01  -5.59671203e-01
   7780.0000  -1.44954279e-01  -5.72768942e-01
   7820.0000  -1.58243947e-01  -5.99230296e-01
   7860.0000  -1.51885858e-01  -5.87326417e-01
   7900.0000  -1.60863341e-01  -6.08327864e-01
   7940.0000  -1.55192673e-01  -6.01222704e-01
   7980.0000  -1.48738139e-01  -5.82211178e-01
   8020.0000  -1.67659001e-01  -6.10375374e-01
   8060.0000  -1.70395378e-01  -6.19790360e-01
   8100.0000  -1.74321759e-01  -6.26867241e-01
   8140.0000  -1.84281207e-01  -6.42691984e-01
   8180.0000  -1.70086371e-01  -6.27470088e-01
   8220.0000  -1.83435499e-01  -6.35088459e-01
   8260.0000  -1.73334646e-01  -6.25249180e-01
   8300.0000  -1.91949514e-01  -6.44842673e-01
   8340.0000  -1.98761011e-01  -6.59658626e-01
   8380.0000  -1.97966465e-01  -6.56646661e-01
   8420.0000  -2.09294695e-01  -6.67946857e-01
   8460.0000  -1.93164427e-01  -6.54479291e-01
   8500.0000  -2.00131327e-01  -6.67298141e-01
   8540.0000  -1.98722184e-01  -6.61488520e-01
   8580.0000  -2.14575420e-01  -6.76576796e-01
   8620.0000  -2.22391638e-01  -6.81925782e-01
   8660.0000  -2.21014433e-01  -6.78593096e-01
   8700.0000  -2.12879152e-01  -6.78934144e-01
   8740.0000  -2.37027060e-01  -7.00100053e-01
   8780.0000  -2.37166648e-01  -7.00013085e-01
   8820.0000  -2.35437449e-01  -6.93727698e-01
   8860.0000  -2.26287825e-01  -6.92263384e-01
   8900.0000  -2.47977784e-01  -7.07078487e-01
   8940.0000  -2.59211135e-01  -7.19867934e-01
   8980.0000  -2.62587793e-01  -7.19338705e-01
   9020.0000  -2.32705804e-01  -6.98497649e-01
   9060.0000  -2.49969215e-01  -7.07382365e-01
   9100.0000  -2.57718763e-01  -7.10758096e-01
   9140.0000  -2.63492793e-01  -7.22027811e-01
   9180.0000  -2.69971512e-01  -7.21792771e-01
   9220.0000  -2.65210334e-01  -7.17790598e-01
   9260.0000  -2.66613566e-01  -7.24943586e-01
   9300.0000  -2.81023178e-01  -7.28016437e-01
   9340.0000  -2.72489018e-01  -7.25594153e-01
   9380.0000  -2.68104972e-01  -7.35173849e-01
   9420.0000  -2.76078126e-01  -7.31211747e-01
   9460.0000  -2.88290228e-01  -7.35133575e-01
   9500.0000  -2.89760647e-01  -7.41266546e-01
   9540.0000  -2.90609376e-01  -7.43231979e-01
   9580.0000  -2.72118922e-01  -7.29062090e-01
   9620.0000  -3.07346792e-01  -7.52446483e-01
   9660.0000  -2.76768019e-01  -7.37507249e-01
   9700.0000  -2.94208173e-01  -7.51107384e-01
   9740.0000  -3.19385465e-01  -7.56335927e-01
   9780.0000  -3.14673234e-01  -7.57318881e-01
   9820.0000  -3.08598277e-01  -7.51635178e-01
   9860.0000  -3.05078849e-01  -7.49683105e-01
   9900.0000  -3.10346873e-01  -7.54839471e-01
   9940.0000  -3.00818557e-01  -7.54881483e-01
   9980.0000  -3.21022435e-01  -7.62528819e-01
  10020.0000  -3.26530980e-01  -7.64408104e-01
  20000.0000  -6.40275849e-01  -8.48939445e-01
  40000.0100  -8.43489981e-01  -8.56830244e-01
  60000.0100  -9.79502117e-01  -8.58428856e-01
  80000.0100  -1.09383820e+00  -8.60770898e-01
 100000.0100  -1.17482424e+00  -8.59621455e-01
 120000.0200  -1.25934648e+00  -8.61164846e-01
 140000.0200  -1.32830420e+00  -8.61198216e-01
 160000.0200  -1.39037491e+00  -8.61460341e-01
