# wavelength_nm   slope_a   correlation_r
     44.1000  +1.72350028e+01  +3.57103676e-01
     45.1000  +1.72350510e+01  +3.57105127e-01
     46.0000  +1.72351659e+01  +3.57108585e-01
     47.0000  +1.72352868e+01  +3.57112226e-01
     48.0000  +1.72353140e+01  +3.57113046e-01
     49.0000  -2.25326884e+06  -4.05745724e-01
     50.0000  -1.73427963e+06  -4.05745480e-01
     50.6000  +2.97933392e+04  +4.51681639e-01
     51.2000  -2.54093835e+03  -9.55286474e-02
     52.0000  -1.51770173e+04  -4.05625129e-01
     53.0000  +1.72350980e+01  +3.57106542e-01
     54.0000  +1.72353270e+01  +3.57113436e-01
     55.0000  +1.72347165e+01  +3.57095053e-01
     56.0000  +1.72351266e+01  +3.57107402e-01
     57.0000  +1.72349343e+01  +3.57101613e-01
     58.0000  -5.73449707e+04  -4.05698609e-01
     59.0000  -1.68618974e+05  -4.05735626e-01
     60.0000  -1.42610753e+05  -4.05733636e-01
     61.0000  -1.19297667e+05  -4.05731114e-01
     62.0000  -2.07376566e+04  -4.05613934e-01
     63.0000  -1.78166527e+04  -4.05592171e-01
     64.0000  -1.53921103e+04  -4.05567834e-01
     65.0000  -1.33633007e+04  -4.05540670e-01
     65.8000  -1.19840565e+04  -4.05516942e-01
     66.5000  -1.13120421e+04  -4.05503283e-01
     67.5000  -9.93658242e+03  -4.05469564e-01
     68.5000  -8.45494706e+03  -4.05420932e-01
     69.5000  -7.48849901e+03  -4.05378827e-01
     70.5000  -2.86312969e+03  -4.09386869e-01
     71.6000  -2.10797641e+03  -4.05188224e-01
     72.6000  -1.88795033e+03  -4.05121867e-01
     73.5000  -1.71756883e+03  -4.05058473e-01
     74.5000  -4.72581318e+03  -3.82240106e-01
     75.5000  -4.26688254e+03  -3.82242833e-01
     76.5000  -3.77049244e+03  -3.82246450e-01
     77.5000  -3.51206396e+03  -3.82248703e-01
     78.5000  -3.12375741e+03  -3.82252706e-01
     79.5000  -4.27255858e+02  -3.98267172e-01
     80.5000  -1.42598321e+03  -3.83266769e-01
     81.5000  -1.16466121e+03  -3.83499797e-01
     82.5000  -1.05195719e+03  -3.83635384e-01
     83.5000  -9.69644762e+02  -3.83753872e-01
     84.5000  -8.97878113e+02  -3.83874664e-01
     85.5000  -8.32639340e+02  -3.84001954e-01
     86.5000  -4.33808647e+02  -3.90112502e-01
     87.5000  -4.53424482e+02  -3.89769858e-01
     88.5000  -3.81255954e+02  -3.91205710e-01
     89.5000  -3.55923510e+02  -3.91850210e-01
     90.5000  -3.37866045e+02  -3.92366026e-01
     91.5000  +2.29522021e+04  +8.97268114e-01
     92.5000  +7.96916578e+04  +8.94402155e-01
     93.5000  +1.41725026e+05  +8.94866760e-01
     94.5000  +4.00544414e+04  +8.94607078e-01
     95.5000  +1.19365032e+07  +8.94741328e-01
     96.5000  +1.03851200e+07  +8.94731616e-01
     97.5000  +8.88135300e+04  +8.94821345e-01
     98.5000  +8.11410749e+06  +8.94760999e-01
     99.5000  +7.13701525e+06  +8.94768171e-01
    100.5000  +6.40873848e+06  +8.94710194e-01
    101.5000  +5.68811768e+06  +8.94865087e-01
    102.5000  +2.02103711e+05  +8.94923106e-01
    103.5000  +4.04762383e+06  +8.94931372e-01
    104.5000  +3.59077111e+06  +8.94742174e-01
    105.5000  +3.60204705e+06  +8.94957737e-01
    106.5000  +2.88049858e+06  +8.94757651e-01
    107.5000  +2.58544574e+06  +8.94851831e-01
    108.5000  +2.32117573e+06  +8.94846760e-01
    109.5000  +2.10173890e+06  +8.94810204e-01
    110.5000  +6.17828414e+04  +8.92858837e-01
    111.5000  +5.16505963e+04  +8.91724898e-01
    112.5000  +4.05191980e+04  +8.90870044e-01
    113.5000  +3.31471057e+04  +8.89762449e-01
    114.5000  +3.10586611e+04  +8.89715789e-01
    115.5000  +3.01342022e+04  +8.90199961e-01
    116.5000  +2.88559096e+04  +8.89986287e-01
    117.5000  +2.61053081e+04  +8.89921496e-01
    118.5000  +2.78424933e+04  +8.91021187e-01
    119.5000  +3.25264444e+04  +8.92303848e-01
    120.5000  +4.63275153e+04  +8.93141481e-01
    121.5000  +2.30832441e+05  +8.95328572e-01
    122.5000  +5.20000826e+04  +8.93564179e-01
    123.5000  +2.64401999e+04  +8.91724053e-01
    124.5000  +2.25286796e+04  +8.89668357e-01
    125.5000  +2.28581880e+04  +8.88051213e-01
    126.5000  +2.34767116e+04  +8.87833109e-01
    127.5000  +2.28151275e+04  +8.86862725e-01
    128.5000  +2.67133047e+04  +8.85794775e-01
    129.5000  +2.68165104e+04  +8.86017981e-01
    130.5000  +2.81448755e+04  +8.85951715e-01
    131.5000  +2.80855738e+04  +8.85461600e-01
    132.5000  +3.40114222e+04  +8.85704476e-01
    133.5000  +3.65303653e+04  +8.86312263e-01
    134.5000  +3.50006063e+04  +8.85954904e-01
    135.5000  +3.36603590e+04  +8.86320258e-01
    136.5000  +3.74847634e+04  +8.86536423e-01
    137.5000  +4.17748829e+04  +8.87270295e-01
    138.5000  +4.16588710e+04  +8.87906906e-01
    139.5000  +4.59226555e+04  +8.88068715e-01
    140.5000  +3.89968742e+04  +8.87790087e-01
    141.5000  +3.75814718e+04  +8.87988486e-01
    142.5000  +3.66075832e+04  +8.88023906e-01
    143.5000  +3.18499217e+04  +8.88124691e-01
    144.2000  +2.48657840e+04  +8.86698223e-01
    144.7000  +3.18435082e+04  +8.87880841e-01
    145.5000  +2.95106475e+04  +8.87408949e-01
    146.5000  +2.24330576e+04  +8.87293368e-01
    147.5000  +2.17539953e+04  +8.87279489e-01
    148.5000  +2.34771811e+04  +8.87524932e-01
    149.5000  +1.89745624e+04  +8.86477280e-01
    150.5000  +1.60422834e+04  +8.86044929e-01
    151.2000  +2.91532094e+04  +8.87881543e-01
    151.7000  +2.21758928e+04  +8.87544057e-01
    152.5000  +3.57055364e+03  +8.81653418e-01
    153.5000  +2.02182428e+03  +8.79594793e-01
    154.5000  +2.88208837e+03  +8.81568257e-01
    155.5000  +1.67923843e+03  +8.79505188e-01
    156.5000  +1.93576197e+03  +8.81284022e-01
    157.5000  +1.01295937e+03  +8.77301918e-01
    158.5000  +9.17307740e+02  +8.76457832e-01
    159.5000  +8.50846585e+02  +8.75815486e-01
    160.5000  +8.68630797e+02  +8.76518400e-01
    161.5000  +8.68147470e+02  +8.76531302e-01
    162.5000  +8.37624382e+02  +8.77971729e-01
    163.5000  +7.61823590e+02  +8.75678845e-01
    164.5000  +5.82762100e+02  +8.73510602e-01
    165.5000  +8.90045994e+02  +8.78479019e-01
    166.5000  +5.75056428e+02  +8.74928617e-01
    167.2000  +8.53541537e+02  +8.78754631e-01
    167.7000  +2.52503371e+02  +8.59535756e-01
    168.5000  +2.43762181e+02  +8.60675275e-01
    169.5000  +2.08777045e+02  +8.62744167e-01
    170.5000  +2.10731368e+02  +8.59824299e-01
    171.5000  +2.43071606e+02  +8.44772889e-01
    172.5000  +2.04865588e+02  +8.46938565e-01
    173.5000  +1.87886693e+02  +8.33477258e-01
    174.5000  +1.48529364e+02  +8.30094400e-01
    175.5000  +1.25126010e+02  +8.02983824e-01
    176.5000  +1.34370529e+02  +8.32896886e-01
    177.5000  +1.35323767e+02  +8.18463874e-01
    178.5000  +1.14089428e+02  +8.03110051e-01
    179.5000  +1.04277217e+02  +7.65388886e-01
    180.5000  +1.00607695e+02  +7.96983855e-01
    181.5000  +1.13052334e+02  +8.24888892e-01
    182.5000  +9.43118094e+01  +8.11549525e-01
    183.5000  +9.78991160e+01  +8.18923135e-01
    184.5000  +1.23902215e+02  +8.53916989e-01
    185.5000  +9.73269401e+01  +8.05571763e-01
    186.5000  +9.01160072e+01  +7.82665079e-01
    187.5000  +8.77282791e+01  +7.89971932e-01
    188.5000  +8.59122152e+01  +7.89911304e-01
    189.5000  +7.34948352e+01  +7.64968157e-01
    190.5000  +7.64438541e+01  +7.79688634e-01
    191.5000  +7.47165848e+01  +7.70449337e-01
    192.5000  +7.60845861e+01  +8.09674853e-01
    193.5000  +9.79453771e+01  +8.57616544e-01
    194.5000  +6.79917741e+01  +7.75047398e-01
    195.5000  +6.81034048e+01  +7.75590132e-01
    196.7000  +5.84200098e+01  +7.50662983e-01
    197.6000  +6.13394952e+01  +7.87682501e-01
    198.4000  +5.52974848e+01  +7.48396193e-01
    199.5000  +5.55730336e+01  +7.33667871e-01
    200.5000  +5.71342093e+01  +7.55916752e-01
    201.5000  +5.56019349e+01  +7.51647613e-01
    202.5000  +6.57989107e+01  +8.00819415e-01
    203.5000  +5.52804334e+01  +7.51349580e-01
    204.5000  +5.20773889e+01  +7.40562495e-01
    205.5000  +5.14909683e+01  +7.59394553e-01
    206.5000  +5.21493277e+01  +7.71162288e-01
    207.4000  +5.25851626e+01  +7.64615476e-01
    207.8000  +1.91436146e+01  +7.47190103e-01
    208.5000  +1.62287822e+01  +7.51283584e-01
    209.5000  +1.76216814e+01  +7.54631292e-01
    210.5000  +1.72623853e+01  +7.77231682e-01
    211.5000  +1.60269760e+01  +7.74430452e-01
    212.5000  +1.70547400e+01  +7.94564389e-01
    213.5000  +1.65615736e+01  +8.04537031e-01
    214.5000  +1.46922031e+01  +7.97665708e-01
    215.5000  +1.65533833e+01  +7.82847916e-01
    216.5000  +1.77610431e+01  +7.98564449e-01
    217.5000  +1.92323965e+01  +7.84902073e-01
    218.5000  +1.48187064e+01  +8.02235081e-01
    219.5000  +1.66897583e+01  +7.86256102e-01
    220.5000  +1.61524872e+01  +8.00814299e-01
    221.5000  +2.02613560e+01  +8.05904681e-01
    222.5000  +1.64365644e+01  +8.16384342e-01
    223.5000  +1.31566311e+01  +8.25339051e-01
    224.5000  +1.35825873e+01  +8.27261535e-01
    225.5000  +1.68625982e+01  +8.31780307e-01
    226.5000  +2.05557441e+01  +8.17513000e-01
    227.5000  +2.01930931e+01  +8.14214615e-01
    228.5000  +1.36501761e+01  +8.36090718e-01
    229.5000  +1.73314677e+01  +8.26199933e-01
    230.5000  +1.48943171e+01  +8.28117767e-01
    231.5000  +1.72477593e+01  +8.26049538e-01
    232.5000  +1.83591023e+01  +8.42458634e-01
    233.5000  +1.96749931e+01  +8.56276514e-01
    234.5000  +2.96140103e+01  +8.67101922e-01
    235.5000  +1.72655757e+01  +8.43856151e-01
    236.5000  +2.69432858e+01  +8.66248959e-01
    237.5000  +2.23354055e+01  +8.54095386e-01
    238.5000  +3.44928839e+01  +8.75197033e-01
    239.5000  +2.85658873e+01  +8.68711858e-01
    240.5000  +2.77480672e+01  +8.71499247e-01
    241.5000  +2.62781049e+01  +8.60700099e-01
    242.5000  +1.63902689e+01  +8.52950311e-01
    243.5000  +1.59819355e+01  +8.59185616e-01
    244.5000  +1.37247688e+01  +8.61672575e-01
    245.5000  +1.28998563e+01  +8.66029086e-01
    246.5000  +1.68719313e+01  +8.47069277e-01
    247.5000  +1.93924313e+01  +8.47592866e-01
    248.5000  +4.54911867e+01  +8.45447652e-01
    249.5000  +2.96451512e+01  +8.49742014e-01
    250.5000  +1.95966924e+01  +8.33733871e-01
    251.3000  +4.20329297e+01  +8.71643150e-01
    251.8000  +5.73983692e+01  +8.82180370e-01
    252.5000  +5.10308715e+01  +8.77618788e-01
    253.5000  +2.36380416e+01  +8.76238944e-01
    254.5000  +2.34963843e+01  +8.70481537e-01
    255.5000  +9.83278275e+00  +9.11118118e-01
    256.5000  +1.43827559e+01  +8.92276940e-01
    257.5000  +1.04446961e+01  +9.08232224e-01
    258.5000  +1.21424348e+01  +9.01286299e-01
    259.5000  +1.38877205e+01  +8.97406848e-01
    260.5000  +1.65526828e+01  +8.92487761e-01
    261.5000  +1.88966690e+01  +8.92052871e-01
    262.5000  +1.39789511e+01  +8.94718405e-01
    263.5000  +6.60830273e+00  +9.41419639e-01
    264.5000  +5.48866663e+00  +9.43953828e-01
    265.5000  +2.99040842e+00  +9.90977773e-01
    266.5000  +6.01756846e+00  +9.41748150e-01
    267.5000  +5.41431094e+00  +9.47171780e-01
    268.5000  +4.19052336e+00  +9.70321067e-01
    269.5000  +7.08913169e+00  +9.27784796e-01
    270.5000  +5.41755740e+00  +9.44832739e-01
    271.5000  +8.36451941e+00  +9.16974871e-01
    272.5000  +1.41670166e+01  +8.73352505e-01
    273.5000  +9.70952694e+00  +8.98697631e-01
    274.5000  +1.63740948e+01  +8.95001088e-01
    275.5000  +1.10325947e+01  +9.06696949e-01
    276.5000  +8.08091558e+00  +9.20268932e-01
    277.5000  +8.17562628e+00  +9.10457823e-01
    278.5000  +1.52736473e+01  +8.95750404e-01
    279.5000  +3.52675168e+01  +8.95188239e-01
    280.5000  +2.89095421e+01  +8.95072648e-01
    281.5000  +1.02001543e+01  +8.97870285e-01
    282.5000  +7.17782564e+00  +9.09080557e-01
    283.5000  +8.61339145e+00  +8.95767092e-01
    284.5000  +1.62708348e+01  +8.50517505e-01
    285.5000  +3.19527740e+01  +8.64553625e-01
    286.5000  +1.11442013e+01  +8.67928187e-01
    287.5000  +5.72230364e+00  +9.38308379e-01
    288.5000  +6.51081776e+00  +9.25228537e-01
    289.5000  +4.16632603e+00  +9.68233010e-01
    291.0000  +2.81461002e+00  +9.90156519e-01
    293.0000  +3.55771678e+00  +9.74182311e-01
    295.0000  +4.40279951e+00  +9.57993408e-01
    297.0000  +4.76470485e+00  +9.44781516e-01
    299.0000  +4.66294557e+00  +9.48046467e-01
    301.0000  +5.51947080e+00  +9.30130132e-01
    303.0000  +4.66025957e+00  +9.48341707e-01
    305.0000  +4.54357574e+00  +9.48745198e-01
    307.0000  +3.72056906e+00  +9.63201748e-01
    309.0000  +4.38950877e+00  +9.45131592e-01
    311.0000  +3.20164739e+00  +9.74017525e-01
    313.0000  +3.81161974e+00  +9.61596857e-01
    315.0000  +4.06626892e+00  +9.50824675e-01
    317.0000  +3.47796781e+00  +9.65551582e-01
    319.0000  +4.33135256e+00  +9.52239731e-01
    321.0000  +3.99877585e+00  +9.57259723e-01
    323.0000  +5.16006150e+00  +9.39136812e-01
    325.0000  +3.01405439e+00  +9.79875779e-01
    327.0000  +2.25985140e+00  +9.95462686e-01
    329.0000  +2.44409951e+00  +9.91090777e-01
    331.0000  +3.06972712e+00  +9.72345613e-01
    333.0000  +2.89962114e+00  +9.77161673e-01
    335.0000  +3.16629163e+00  +9.71507085e-01
    337.0000  +5.31346393e+00  +9.28121221e-01
    339.0000  +4.43864075e+00  +9.44032915e-01
    341.0000  +4.43965579e+00  +9.45985087e-01
    343.0000  +4.05120977e+00  +9.53320856e-01
    345.0000  +3.89571334e+00  +9.56071901e-01
    347.0000  +3.60701876e+00  +9.64158600e-01
    349.0000  +2.94791332e+00  +9.77405351e-01
    351.0000  +2.77286034e+00  +9.81105272e-01
    353.0000  +3.57244438e+00  +9.63181088e-01
    355.0000  +2.88410326e+00  +9.80068510e-01
    357.0000  +5.53288453e+00  +9.32890457e-01
    359.0000  +5.50825531e+00  +9.27231534e-01
    361.0000  +3.62325240e+00  +9.57574413e-01
    363.0000  +3.59712539e+00  +9.56544241e-01
    364.0000  +3.32766853e+00  +9.62084305e-01
    365.0000  +2.71513511e+00  +9.75222567e-01
    367.0000  +2.40257003e+00  +9.83788068e-01
    369.0000  +2.95447637e+00  +9.71218863e-01
    371.0000  +2.71397314e+00  +9.75269644e-01
    373.0000  +5.65217923e+00  +9.23904474e-01
    375.0000  +4.68362929e+00  +9.40468030e-01
    377.0000  +3.19505559e+00  +9.70248605e-01
    379.0000  +3.24614529e+00  +9.75101962e-01
    381.0000  +4.08347257e+00  +9.55517968e-01
    383.0000  +8.81331379e+00  +8.98795772e-01
    385.0000  +6.61013989e+00  +9.15281005e-01
    387.0000  +7.12207204e+00  +8.98648291e-01
    389.0000  +4.27144722e+00  +9.40009463e-01
    391.0000  +2.82636112e+00  +9.83664070e-01
    393.0000  +7.23300610e+00  +9.23885585e-01
    395.0000  +3.36243768e+00  +9.67972221e-01
    397.0000  +5.58207456e+00  +9.34083973e-01
    399.0000  +1.76782169e+00  +9.96789688e-01
    401.0000  +1.54606871e+00  +9.84703481e-01
    403.0000  +1.62864228e+00  +9.89358515e-01
    405.0000  +1.85831605e+00  +9.96328093e-01
    407.0000  +2.16992477e+00  +9.96877582e-01
    409.0000  +1.40501183e+00  +9.87998707e-01
    411.0000  +1.37488845e+00  +9.92313940e-01
    413.0000  +1.62889707e+00  +9.90565603e-01
    415.0000  +1.79140611e+00  +9.94556953e-01
    417.0000  +1.65245049e+00  +9.88923391e-01
    419.0000  +1.97547770e+00  +9.97958823e-01
    421.0000  +1.87292459e+00  +9.97806175e-01
    423.0000  +2.03103462e+00  +9.97474807e-01
    425.0000  +2.07714640e+00  +9.96611903e-01
    427.0000  +2.42877123e+00  +9.87555612e-01
    429.0000  +2.94197766e+00  +9.74186395e-01
    431.0000  +4.05412783e+00  +9.43946388e-01
    433.0000  +1.79415914e+00  +9.98481330e-01
    435.0000  +1.81513853e+00  +9.97969329e-01
    437.0000  +1.59425285e+00  +9.96013520e-01
    439.0000  +2.09740736e+00  +9.95107228e-01
    441.0000  +1.70168064e+00  +9.97230193e-01
    443.0000  +1.30078572e+00  +9.75541413e-01
    445.0000  +1.39142882e+00  +9.87105556e-01
    447.0000  +1.12394505e+00  +9.49869730e-01
    449.0000  +1.05622022e+00  +9.35281672e-01
    451.0000  +6.39024372e-01  +7.16670883e-01
    453.0000  +1.09255123e+00  +9.50054770e-01
    455.0000  +9.03601155e-01  +8.86772263e-01
    457.0000  +7.12897979e-01  +7.85351258e-01
    459.0000  +9.27343544e-01  +9.08719631e-01
    461.0000  +8.69539797e-01  +8.83349851e-01
    463.0000  +9.02211912e-01  +8.95431773e-01
    465.0000  +8.99827201e-01  +9.02579178e-01
    467.0000  +7.77140658e-01  +8.39652629e-01
    469.0000  +8.60548701e-01  +8.90551676e-01
    471.0000  +9.02086975e-01  +9.12290773e-01
    473.0000  +8.07840223e-01  +8.64549883e-01
    475.0000  +7.20852839e-01  +8.24163253e-01
    477.0000  +7.01698115e-01  +8.14761086e-01
    479.0000  +7.02014471e-01  +8.19398740e-01
    481.0000  +7.62133209e-01  +8.57871635e-01
    483.0000  +6.87751825e-01  +8.27503093e-01
    485.0000  +9.31588238e-01  +9.70509497e-01
    487.0000  +1.19210404e+00  +9.98562535e-01
    489.0000  +9.41682251e-01  +9.53354938e-01
    491.0000  +9.10855897e-01  +9.39664621e-01
    493.0000  +1.00750955e+00  +9.60761975e-01
    495.0000  +8.29856849e-01  +9.05896126e-01
    497.0000  +8.11109055e-01  +8.99138926e-01
    499.0000  +1.10347965e+00  +9.78215830e-01
    501.0000  +1.28773595e+00  +9.94907293e-01
    503.0000  +1.06747958e+00  +9.75881815e-01
    505.0000  +1.06859630e+00  +9.75499866e-01
    507.0000  +8.60148828e-01  +9.22742379e-01
    509.0000  +1.07740427e+00  +9.75596295e-01
    511.0000  +1.02051913e+00  +9.65424656e-01
    513.0000  +1.09329561e+00  +9.77315298e-01
    515.0000  +1.28988537e+00  +9.95427198e-01
    517.0000  +1.85503083e+00  +9.93683995e-01
    519.0000  +1.63734699e+00  +9.97583151e-01
    521.0000  +1.20780058e+00  +9.92233706e-01
    523.0000  +1.08956340e+00  +9.83638662e-01
    525.0000  +9.09444586e-01  +9.54880283e-01
    527.0000  +1.47459132e+00  +9.99776461e-01
    529.0000  +9.12333316e-01  +9.57577388e-01
    531.0000  +7.03516048e-01  +8.80301358e-01
    533.0000  +1.20206725e+00  +9.94627062e-01
    535.0000  +8.49440541e-01  +9.45164279e-01
    537.0000  +8.87672684e-01  +9.55439299e-01
    539.0000  +9.31963329e-01  +9.67022170e-01
    541.0000  +1.06485240e+00  +9.86882200e-01
    543.0000  +9.89361582e-01  +9.77773387e-01
    545.0000  +8.65838286e-01  +9.54177062e-01
    547.0000  +8.90086755e-01  +9.61093015e-01
    549.0000  +8.37435241e-01  +9.46678825e-01
    551.0000  +9.09147974e-01  +9.67397417e-01
    553.0000  +8.37154841e-01  +9.50358041e-01
    555.0000  +7.87639129e-01  +9.39334351e-01
    557.0000  +9.02969040e-01  +9.70435097e-01
    559.0000  +9.92099369e-01  +9.83661315e-01
    561.0000  +8.28419565e-01  +9.55483004e-01
    563.0000  +8.23542651e-01  +9.52989950e-01
    565.0000  +7.80131131e-01  +9.38998652e-01
    567.0000  +8.67847985e-01  +9.65210792e-01
    569.0000  +7.95785023e-01  +9.52305338e-01
    571.0000  +9.12803989e-01  +9.77002246e-01
    573.0000  +6.24391628e-01  +8.74229323e-01
    575.0000  +7.49454183e-01  +9.36578708e-01
    577.0000  +7.07021936e-01  +9.22741400e-01
    579.0000  +8.23022044e-01  +9.61696224e-01
    581.0000  +7.12360833e-01  +9.25443321e-01
    583.0000  +6.25911302e-01  +8.87004696e-01
    585.0000  +7.21830795e-01  +9.34060263e-01
    587.0000  +7.00131807e-01  +9.25850165e-01
    589.0000  +1.06974510e+00  +9.96283482e-01
    591.0000  +7.49079311e-01  +9.45926821e-01
    593.0000  +7.34078566e-01  +9.41851820e-01
    595.0000  +7.10598730e-01  +9.36277495e-01
    597.0000  +6.78156658e-01  +9.20872394e-01
    599.0000  +7.13325839e-01  +9.38267184e-01
    601.0000  +7.89300202e-01  +9.64899727e-01
    603.0000  +7.29152104e-01  +9.46398393e-01
    605.0000  +6.43985025e-01  +9.10134031e-01
    607.0000  +6.80260331e-01  +9.30516144e-01
    609.0000  +7.75889677e-01  +9.61862142e-01
    611.0000  +7.86829201e-01  +9.65961664e-01
    613.0000  +9.59867302e-01  +9.93259007e-01
    615.0000  +8.20432449e-01  +9.73888953e-01
    617.0000  +1.00119596e+00  +9.96555770e-01
    619.0000  +7.68072282e-01  +9.64667185e-01
    621.0000  +7.46180871e-01  +9.61982601e-01
    623.0000  +8.72539803e-01  +9.85805573e-01
    625.0000  +9.46114013e-01  +9.92313790e-01
    627.0000  +7.84533805e-01  +9.70643502e-01
    629.0000  +7.53890341e-01  +9.67119122e-01
    631.0000  +8.58784010e-01  +9.86011132e-01
    633.0000  +8.23756642e-01  +9.80254103e-01
    635.0000  +7.85775063e-01  +9.72325332e-01
    637.0000  +7.91755745e-01  +9.75867753e-01
    639.0000  +7.67388291e-01  +9.71290509e-01
    641.0000  +8.57679466e-01  +9.87536572e-01
    643.0000  +7.96856105e-01  +9.77637204e-01
    645.0000  +8.19616249e-01  +9.85060975e-01
    647.0000  +8.49371297e-01  +9.89099425e-01
    649.0000  +9.02538072e-01  +9.94126921e-01
    651.0000  +7.84356331e-01  +9.82716812e-01
    653.0000  +7.67329926e-01  +9.83149107e-01
    655.0000  +8.43363894e-01  +9.97680976e-01
    657.0000  +9.23142465e-01  +9.94239696e-01
    659.0000  +8.44831276e-01  +9.95503208e-01
    661.0000  +7.60127225e-01  +9.81301976e-01
    663.0000  +7.78675997e-01  +9.81627599e-01
    665.0000  +7.72815150e-01  +9.80583147e-01
    667.0000  +8.19778184e-01  +9.87658099e-01
    669.0000  +7.20082727e-01  +9.71431877e-01
    671.0000  +8.30427930e-01  +9.88899325e-01
    673.0000  +7.39620643e-01  +9.75677625e-01
    675.0000  +7.82493108e-01  +9.83859987e-01
    677.0000  +7.58959654e-01  +9.80200132e-01
    679.0000  +7.70732010e-01  +9.82192759e-01
    681.0000  +7.76890103e-01  +9.84503890e-01
    683.0000  +7.42406219e-01  +9.77877111e-01
    685.0000  +8.46638581e-01  +9.92498233e-01
    687.0000  +7.80307538e-01  +9.84585282e-01
    689.0000  +7.47178408e-01  +9.80679297e-01
    691.0000  +7.75189090e-01  +9.85971769e-01
    693.0000  +7.79281097e-01  +9.85035695e-01
    695.0000  +7.94892698e-01  +9.88867586e-01
    697.0000  +7.70627981e-01  +9.84684231e-01
    699.0000  +7.81137340e-01  +9.87394421e-01
    701.0000  +8.80322804e-01  +9.95933068e-01
    703.0000  +8.09368188e-01  +9.90389340e-01
    705.0000  +7.80691388e-01  +9.87587067e-01
    707.0000  +8.14236519e-01  +9.92774884e-01
    709.0000  +8.24102417e-01  +9.93223001e-01
    711.0000  +7.72018795e-01  +9.88081622e-01
    713.0000  +8.60638599e-01  +9.95470252e-01
    715.0000  +8.65968516e-01  +9.96835274e-01
    717.0000  +8.27547304e-01  +9.93725866e-01
    719.0000  +9.68899478e-01  +9.99538831e-01
    721.0000  +8.62429097e-01  +9.96456782e-01
    723.0000  +8.13384450e-01  +9.92821060e-01
    725.0000  +7.95730545e-01  +9.91983370e-01
    727.0000  +8.03204753e-01  +9.92432769e-01
    729.0000  +9.11173302e-01  +9.98724189e-01
    731.0000  +8.35587679e-01  +9.95173921e-01
    733.0000  +8.30240283e-01  +9.95348117e-01
    735.0000  +8.10421055e-01  +9.93681344e-01
    737.0000  +7.86936441e-01  +9.91692475e-01
    739.0000  +8.88149244e-01  +9.98497498e-01
    741.0000  +9.75660566e-01  +9.99487076e-01
    743.0000  +8.52353363e-01  +9.97517559e-01
    745.0000  +8.32574957e-01  +9.96470393e-01
    747.0000  +7.98141918e-01  +9.94188873e-01
    749.0000  +8.19011453e-01  +9.96051758e-01
    751.0000  +8.13692667e-01  +9.95728698e-01
    753.0000  +7.90236418e-01  +9.94459340e-01
    755.0000  +7.65788833e-01  +9.92378087e-01
    757.0000  +7.96491818e-01  +9.94852767e-01
    759.0000  +8.06661414e-01  +9.95746439e-01
    761.0000  +8.00837262e-01  +9.95572207e-01
    763.0000  +7.86978877e-01  +9.94501720e-01
    765.0000  +7.56839758e-01  +9.93146712e-01
    767.0000  +8.95669917e-01  +9.99248027e-01
    769.0000  +7.58932695e-01  +9.92711806e-01
    771.0000  +8.25200492e-01  +9.97285296e-01
    773.0000  +7.97871333e-01  +9.96688314e-01
    775.0000  +8.45701559e-01  +9.98466802e-01
    777.0000  +7.16455906e-01  +9.90359725e-01
    779.0000  +7.60027866e-01  +9.94318939e-01
    781.0000  +7.52022934e-01  +9.93947001e-01
    783.0000  +7.95296788e-01  +9.96933129e-01
    785.0000  +7.88569641e-01  +9.96716939e-01
    787.0000  +7.39938962e-01  +9.92597725e-01
    789.0000  +7.60685204e-01  +9.93948158e-01
    791.0000  +8.23218350e-01  +9.97644698e-01
    793.0000  +8.69343468e-01  +9.98967738e-01
    795.0000  +8.86637202e-01  +9.99106029e-01
    797.0000  +7.78218766e-01  +9.95218197e-01
    799.0000  +7.62136253e-01  +9.94872626e-01
    801.0000  +8.13452990e-01  +9.97719704e-01
    803.0000  +7.92341366e-01  +9.97066606e-01
    805.0000  +8.15046529e-01  +9.98165203e-01
    807.0000  +7.82626002e-01  +9.96240786e-01
    809.0000  +8.64092813e-01  +9.98999653e-01
    811.0000  +8.05223443e-01  +9.97278998e-01
    813.0000  +7.75535962e-01  +9.96082748e-01
    815.0000  +7.84942642e-01  +9.96709505e-01
    817.0000  +7.78555548e-01  +9.96459112e-01
    819.0000  +9.02640211e-01  +9.99030151e-01
    821.0000  +8.72095613e-01  +9.99156938e-01
    823.0000  +8.62325728e-01  +9.99107051e-01
    825.0000  +7.99734056e-01  +9.97827127e-01
    827.0000  +7.57987518e-01  +9.95700621e-01
    829.0000  +7.71274283e-01  +9.96642277e-01
    831.0000  +8.36479739e-01  +9.98639841e-01
    833.0000  +8.52797890e-01  +9.98801070e-01
    835.0000  +8.21336640e-01  +9.98561132e-01
    837.0000  +7.93080079e-01  +9.97755234e-01
    839.0000  +9.05059451e-01  +9.99076131e-01
    841.0000  +7.82658949e-01  +9.97507803e-01
    843.0000  +8.64926125e-01  +9.99069398e-01
    845.0000  +7.73733805e-01  +9.97483543e-01
    847.0000  +8.25096310e-01  +9.98707259e-01
    849.0000  +7.67903751e-01  +9.97383550e-01
    851.0000  +9.80232193e-01  +9.96718973e-01
    853.0000  +7.65403004e-01  +9.97621055e-01
    855.0000  +1.05435238e+00  +9.93486731e-01
    857.0000  +7.32368544e-01  +9.96117531e-01
    859.0000  +7.99857529e-01  +9.98492984e-01
    861.0000  +7.92703287e-01  +9.98466289e-01
    863.0000  +7.53897648e-01  +9.97528071e-01
    865.0000  +7.26117721e-01  +9.96322652e-01
    867.0000  +1.08212571e+00  +9.91161639e-01
    869.0000  +8.69041689e-01  +9.98674789e-01
    871.0000  +7.78958954e-01  +9.98303257e-01
    873.0000  +7.61132724e-01  +9.97981752e-01
    875.0000  +7.88703313e-01  +9.97835940e-01
    877.0000  +7.37082894e-01  +9.97256798e-01
    879.0000  +7.64722823e-01  +9.98085292e-01
    881.0000  +8.68981432e-01  +9.98639473e-01
    883.0000  +7.83980603e-01  +9.98443122e-01
    885.0000  +7.42500171e-01  +9.97889727e-01
    887.0000  +7.99187024e-01  +9.96978221e-01
    889.0000  +7.14179880e-01  +9.96600255e-01
    891.0000  +6.71310058e-01  +9.92752578e-01
    893.0000  +7.51346003e-01  +9.97545607e-01
    895.0000  +7.58829361e-01  +9.98081834e-01
    897.0000  +7.33301044e-01  +9.97213023e-01
    899.0000  +7.05578363e-01  +9.96315372e-01
    901.0000  +8.44981668e-01  +9.95083751e-01
    903.0000  +7.22369369e-01  +9.97530115e-01
    905.0000  +6.55735342e-01  +9.92344782e-01
    907.0000  +6.79760637e-01  +9.94190564e-01
    909.0000  +7.91683386e-01  +9.98644421e-01
    911.0000  +7.51343719e-01  +9.97836736e-01
    913.0000  +6.87634396e-01  +9.95428998e-01
    915.0000  +6.89293328e-01  +9.95235706e-01
    917.0000  +6.85956959e-01  +9.95041272e-01
    919.0000  +6.38379752e-01  +9.92278563e-01
    921.0000  +7.26412640e-01  +9.97858160e-01
    923.0000  +6.45650031e-01  +9.94788403e-01
    925.0000  +7.26725328e-01  +9.97708534e-01
    927.0000  +6.85592993e-01  +9.96138062e-01
    929.0000  +6.78004191e-01  +9.94861442e-01
    931.0000  +6.44843673e-01  +9.92254215e-01
    933.0000  +6.69162413e-01  +9.93886228e-01
    935.0000  +6.75922461e-01  +9.94343930e-01
    937.0000  +6.95066396e-01  +9.96434305e-01
    939.0000  +6.49438577e-01  +9.93001176e-01
    941.0000  +7.77011278e-01  +9.98724189e-01
    943.0000  +6.50883378e-01  +9.92329019e-01
    945.0000  +7.16837066e-01  +9.97710628e-01
    947.0000  +6.40775517e-01  +9.92335150e-01
    949.0000  +6.18506679e-01  +9.90233282e-01
    951.0000  +6.35644381e-01  +9.93568983e-01
    953.0000  +6.51444933e-01  +9.95798936e-01
    955.0000  +6.18541362e-01  +9.93365854e-01
    957.0000  +6.80520502e-01  +9.97085994e-01
    959.0000  +6.13571724e-01  +9.90862863e-01
    961.0000  +6.38315089e-01  +9.91767612e-01
    963.0000  +6.52211775e-01  +9.94585457e-01
    965.0000  +7.07303265e-01  +9.97715483e-01
    967.0000  +6.60836479e-01  +9.95352048e-01
    969.0000  +6.11240087e-01  +9.90951616e-01
    971.0000  +6.59766207e-01  +9.94352320e-01
    973.0000  +6.48742829e-01  +9.92935929e-01
    975.0000  +6.66168755e-01  +9.95339383e-01
    977.0000  +6.47801696e-01  +9.94371466e-01
    979.0000  +6.75117765e-01  +9.96223085e-01
    981.0000  +6.24791496e-01  +9.91134855e-01
    983.0000  +6.19409949e-01  +9.91866508e-01
    985.0000  +5.96083161e-01  +9.89660430e-01
    987.0000  +6.36413045e-01  +9.93634765e-01
    989.0000  +6.16835601e-01  +9.93070041e-01
    991.0000  +6.22779136e-01  +9.91641096e-01
    993.0000  +5.81361311e-01  +9.87845956e-01
    995.0000  +5.88800715e-01  +9.87256515e-01
    997.0000  +5.77570746e-01  +9.87348299e-01
    999.0000  +5.86852618e-01  +9.89423099e-01
   1002.5000  +5.86167209e-01  +9.92484731e-01
   1007.5000  +5.72233752e-01  +9.91509911e-01
   1012.5000  +5.68330561e-01  +9.87616136e-01
   1017.5000  +5.97057240e-01  +9.91796119e-01
   1022.5000  +5.85625418e-01  +9.88803715e-01
   1027.5000  +5.48638790e-01  +9.84436179e-01
   1032.5000  +5.99477023e-01  +9.91104724e-01
   1037.5000  +5.85086727e-01  +9.91161489e-01
   1042.5000  +5.49869287e-01  +9.83664262e-01
   1047.5000  +5.54093107e-01  +9.85072516e-01
   1052.5000  +5.36476395e-01  +9.82534423e-01
   1057.5000  +5.45728063e-01  +9.85816429e-01
   1062.5000  +5.55421491e-01  +9.87707240e-01
   1067.5000  +5.77230601e-01  +9.91208593e-01
   1072.5000  +5.38084413e-01  +9.84828908e-01
   1077.5000  +5.72028062e-01  +9.90339818e-01
   1082.5000  +6.00666140e-01  +9.94839994e-01
   1087.5000  +5.75434969e-01  +9.93310153e-01
   1092.5000  +4.79191641e-01  +9.84796774e-01
   1097.5000  +5.60101807e-01  +9.93866865e-01
   1102.5000  +4.96377807e-01  +9.80832049e-01
   1107.5000  +4.75537180e-01  +9.74171351e-01
   1112.5000  +4.77684560e-01  +9.75529870e-01
   1117.5000  +4.86824270e-01  +9.78980085e-01
   1122.5000  +4.55164028e-01  +9.70267345e-01
   1127.5000  +4.96610151e-01  +9.83576812e-01
   1132.5000  +4.53602841e-01  +9.72898108e-01
   1137.5000  +4.84868373e-01  +9.77559385e-01
   1142.5000  +5.01730555e-01  +9.83305918e-01
   1147.5000  +4.34568587e-01  +9.60782314e-01
   1152.5000  +4.19559001e-01  +9.56505623e-01
   1157.5000  +4.31071388e-01  +9.66986993e-01
   1162.5000  +4.66763478e-01  +9.76604647e-01
   1167.5000  +4.16468857e-01  +9.65076275e-01
   1172.5000  +3.84243979e-01  +9.39118257e-01
   1177.5000  +4.12291175e-01  +9.58234471e-01
   1182.5000  +4.25479006e-01  +9.65435763e-01
   1187.5000  +4.30314426e-01  +9.68663763e-01
   1192.5000  +3.52667484e-01  +9.19382824e-01
   1197.5000  +4.66025200e-01  +9.80192251e-01
   1202.5000  +3.80389536e-01  +9.46082730e-01
   1207.5000  +3.97696600e-01  +9.57092665e-01
   1212.5000  +3.51440231e-01  +9.24756420e-01
   1217.5000  +3.02120696e-01  +8.88828050e-01
   1222.5000  +3.00167825e-01  +8.87062443e-01
   1227.5000  +3.21934241e-01  +9.00217502e-01
   1232.5000  +3.03979112e-01  +8.82041678e-01
   1237.5000  +3.00091459e-01  +8.77789487e-01
   1242.5000  +2.94291631e-01  +8.84963586e-01
   1247.5000  +2.80187566e-01  +8.50884264e-01
   1252.5000  +2.77170158e-01  +8.64564343e-01
   1257.5000  +2.68261393e-01  +8.48375431e-01
   1262.5000  +2.72708647e-01  +8.44559014e-01
   1267.5000  +2.86231349e-01  +8.72341263e-01
   1272.5000  +2.51437071e-01  +8.25060806e-01
   1277.5000  +2.43619255e-01  +8.44319457e-01
   1282.5000  +2.67927256e-01  +9.15401109e-01
   1287.5000  +2.52711220e-01  +8.54375563e-01
   1292.5000  +2.48446374e-01  +8.29617838e-01
   1297.5000  +2.06035040e-01  +7.49204017e-01
   1302.5000  +2.23283751e-01  +7.83474689e-01
   1307.5000  +2.00238701e-01  +7.15341244e-01
   1312.5000  +2.32616947e-01  +8.05701294e-01
   1317.5000  +2.25463393e-01  +7.89620612e-01
   1322.5000  +1.72586049e-01  +6.64313260e-01
   1327.5000  +2.15097177e-01  +7.68490518e-01
   1332.5000  +1.69726457e-01  +6.62380882e-01
   1337.5000  +1.70220067e-01  +6.63013944e-01
   1342.5000  +1.34900043e-01  +5.39411133e-01
   1347.5000  +1.35497779e-01  +5.49331512e-01
   1352.5000  +1.18950312e-01  +4.96363857e-01
   1357.5000  +1.59745289e-01  +6.42144705e-01
   1362.5000  +1.45383030e-01  +5.92240382e-01
   1367.5000  +1.22847732e-01  +5.06388305e-01
   1372.5000  +9.20179270e-02  +3.88823387e-01
   1377.5000  +1.00944071e-01  +4.33992400e-01
   1382.5000  +8.38414943e-02  +3.58477104e-01
   1387.5000  +9.85953622e-02  +4.17241593e-01
   1392.5000  +7.26581676e-02  +3.16342896e-01
   1397.5000  +6.58752963e-02  +2.87524858e-01
   1402.5000  +9.07347082e-02  +4.04419015e-01
   1407.5000  +5.60303582e-02  +2.42198274e-01
   1412.5000  +7.97093018e-02  +3.51037576e-01
   1417.5000  +2.73945045e-02  +1.20439045e-01
   1422.5000  +7.57297090e-02  +3.43928971e-01
   1427.5000  +1.09856913e-01  +4.93872290e-01
   1432.5000  +3.16102395e-02  +1.38759539e-01
   1437.5000  -6.20271824e-03  -2.62958100e-02
   1442.5000  +6.31190577e-02  +2.98646685e-01
   1447.5000  -3.48266719e-03  -1.46549698e-02
   1452.5000  +2.54476984e-02  +1.16996196e-01
   1457.0000  +1.11991059e-02  +4.87919165e-02
   1462.0000  -3.00607707e-02  -1.25019080e-01
   1467.5000  -3.27762067e-02  -1.36303727e-01
   1472.5000  +4.38250947e-05  +1.97171392e-04
   1477.5000  -2.62115455e-02  -1.14175996e-01
   1482.5000  -3.55072596e-02  -1.50980126e-01
   1487.5000  +2.06992242e-02  +9.89705119e-02
   1492.5000  -7.59397274e-02  -2.95150742e-01
   1497.5000  -4.63256611e-02  -1.94780506e-01
   1502.5000  +4.97916575e-02  +2.54899076e-01
   1507.5000  +1.67678725e-02  +8.25547981e-02
   1512.5000  -7.70675411e-02  -2.99302970e-01
   1517.5000  -8.95111694e-02  -3.32466832e-01
   1522.5000  -6.69042661e-02  -2.70172038e-01
   1527.5000  -9.80184588e-02  -3.64629885e-01
   1532.5000  -9.58026198e-02  -3.67823023e-01
   1537.5000  -1.05203427e-01  -3.92256801e-01
   1542.5000  -1.40212261e-01  -4.77210225e-01
   1547.5000  -1.32960087e-01  -4.66135387e-01
   1552.5000  -1.01459109e-01  -3.96468576e-01
   1557.5000  -1.07693135e-01  -4.11912509e-01
   1562.5000  -1.41050896e-01  -5.02758374e-01
   1567.5000  -9.44981090e-02  -3.79778313e-01
   1572.5000  -1.41087681e-01  -5.04113640e-01
   1577.5000  -3.02593520e-02  -1.53714948e-01
   1582.5000  -1.07851856e-01  -4.34160357e-01
   1587.5000  -5.16515984e-02  -2.47057035e-01
   1592.5000  -1.17517238e-01  -4.52164119e-01
   1597.5000  -1.47472597e-01  -5.16166913e-01
   1605.0000  -1.56459862e-01  -5.52639571e-01
   1615.0000  -1.56128097e-01  -5.63330516e-01
   1625.0000  -1.80087929e-01  -5.80193988e-01
   1635.0000  -1.69516312e-01  -5.86956776e-01
   1645.0000  -1.70021701e-01  -5.93027673e-01
   1655.0000  -2.03212101e-01  -6.27465025e-01
   1665.0000  -2.06695340e-01  -6.27892776e-01
   1675.0000  -1.68211568e-01  -6.05558456e-01
   1685.0000  -1.71342225e-01  -6.17602238e-01
   1695.0000  -2.14296155e-01  -6.38196110e-01
   1705.0000  -1.79122073e-01  -5.91139306e-01
   1715.0000  -1.78280809e-01  -5.80619205e-01
   1725.0000  -1.64257018e-01  -5.74447473e-01
   1735.0000  -1.48432067e-01  -6.04740616e-01
   1745.0000  -1.57591351e-01  -5.86993967e-01
   1755.0000  -1.76400548e-01  -5.93024186e-01
   1765.0000  -1.79654903e-01  -5.96201465e-01
   1775.0000  -1.60080448e-01  -5.52433853e-01
   1785.0000  -1.73453524e-01  -5.88097864e-01
   1795.0000  -1.59738553e-01  -5.54721392e-01
   1805.0000  -1.49360838e-01  -5.53990641e-01
   1815.0000  -1.42676331e-01  -6.13841095e-01
   1825.0000  -1.25114834e-01  -5.25957144e-01
   1835.0000  -1.36780855e-01  -5.29470620e-01
   1845.0000  -1.04779330e-01  -4.42063571e-01
   1855.0000  -1.30595028e-01  -5.10199559e-01
   1865.0000  -8.95569245e-02  -4.11348455e-01
   1875.0000  -8.36006029e-02  -4.68503909e-01
   1885.0000  -1.08138873e-01  -4.80010756e-01
   1895.0000  -4.89500664e-02  -2.60166690e-01
   1905.0000  -1.14691527e-01  -4.76665910e-01
   1915.0000  -1.02085497e-01  -4.41776467e-01
   1925.0000  -9.75867803e-02  -4.31525721e-01
   1935.0000  -6.51628915e-02  -3.36339455e-01
   1945.0000  -6.35938313e-02  -3.98060656e-01
   1955.0000  -8.22290086e-02  -4.18493571e-01
   1965.0000  -7.55057964e-02  -3.64044759e-01
   1975.0000  -5.51108018e-02  -2.76903870e-01
   1985.0000  -7.80357052e-02  -3.86002714e-01
   1995.0000  -6.83182605e-02  -3.29567661e-01
   2005.0000  -9.42998019e-02  -4.19220161e-01
   2015.0000  -1.10247117e-01  -4.82506864e-01
   2025.0000  -7.67517153e-02  -3.72382084e-01
   2035.0000  -4.89883196e-02  -2.59159918e-01
   2045.0000  -8.55418691e-02  -3.94281987e-01
   2055.0000  -8.56760151e-02  -4.15341048e-01
   2065.0000  -6.06484104e-02  -3.26641228e-01
   2075.0000  -6.27646975e-02  -3.27108845e-01
   2085.0000  -7.51730436e-02  -3.79445765e-01
   2095.0000  -4.10860662e-02  -2.38308924e-01
   2105.0000  -6.32550542e-02  -3.19241657e-01
   2115.0000  -5.45354262e-02  -2.85858519e-01
   2125.0000  -5.18832859e-02  -2.80800684e-01
   2135.0000  -6.26305878e-02  -3.27664821e-01
   2145.0000  -5.85990773e-02  -3.27455471e-01
   2155.0000  -5.02749889e-02  -2.92996517e-01
   2165.0000  -5.55173247e-02  -3.68362767e-01
   2175.0000  -2.46360274e-02  -1.55340187e-01
   2185.0000  -1.73540756e-02  -1.07286434e-01
   2195.0000  -4.80376407e-02  -2.67289526e-01
   2205.0000  +6.16716420e-03  +3.93971699e-02
   2215.0000  -3.65230597e-02  -2.09628743e-01
   2225.0000  -2.85037941e-02  -1.73327354e-01
   2235.0000  -2.68230981e-02  -1.67429761e-01
   2245.0000  -1.02367974e-02  -6.38635820e-02
   2255.0000  -2.56464634e-02  -1.58708361e-01
   2265.0000  +3.48692891e-03  +2.26947191e-02
   2275.0000  -2.99842178e-02  -1.88131808e-01
   2285.0000  +5.81460313e-03  +4.11791392e-02
   2295.0000  +1.24849157e-01  +6.82216147e-01
   2305.0000  +4.29865727e-02  +2.85472337e-01
   2315.0000  +2.69494930e-02  +1.90532588e-01
   2325.0000  +2.09080302e-01  +9.00215645e-01
   2335.0000  +1.06245213e-01  +6.65226884e-01
   2345.0000  +5.63795170e-02  +3.63566142e-01
   2355.0000  +2.54508646e-01  +9.53330937e-01
   2365.0000  +1.16276396e-01  +6.95211893e-01
   2375.0000  +8.23789053e-02  +5.52214910e-01
   2385.0000  +2.57884647e-01  +9.56508305e-01
   2395.0000  +1.36069969e-01  +7.66948378e-01
   2405.0000  +9.93542950e-02  +6.29761015e-01
   2415.0000  +2.29463369e-01  +9.36668052e-01
   2425.0000  +1.56171987e-01  +8.30057302e-01
   2435.0000  +1.27355389e-01  +7.61280177e-01
   2445.0000  +1.90644012e-01  +8.92986424e-01
   2455.0000  +2.01793637e-01  +9.14896494e-01
   2465.0000  +1.19108034e-01  +7.23984587e-01
   2475.0000  +1.72144315e-01  +8.75620935e-01
   2485.0000  +2.19838305e-01  +9.43497908e-01
   2495.0000  +1.46491101e-01  +8.30659337e-01
   2505.0000  +1.06570370e-01  +6.96814237e-01
   2515.0000  +1.97725116e-01  +9.06301831e-01
   2525.0000  +1.32897602e-01  +7.92656629e-01
   2535.0000  +1.34128339e-01  +8.04280501e-01
   2545.0000  +1.61189432e-01  +8.60055413e-01
   2555.0000  +1.56393357e-01  +8.63657481e-01
   2565.0000  +1.47496577e-01  +8.54499939e-01
   2575.0000  +1.15521545e-01  +7.47068697e-01
   2585.0000  +1.87913104e-01  +9.23568020e-01
   2595.0000  +1.42920086e-01  +8.30459589e-01
   2605.0000  +1.27922278e-01  +8.04830968e-01
   2615.0000  +1.30483551e-01  +8.26725875e-01
   2625.0000  +1.08382010e-01  +7.91359702e-01
   2635.0000  +1.46807155e-01  +8.67756952e-01
   2645.0000  +1.51128193e-01  +8.82466556e-01
   2655.0000  +1.49687007e-01  +8.67261275e-01
   2665.0000  +1.84768697e-01  +9.29667357e-01
   2675.0000  +1.19671484e-01  +7.86904708e-01
   2685.0000  +1.25405839e-01  +8.01230332e-01
   2695.0000  +1.35507301e-01  +8.24281160e-01
   2705.0000  +1.22552810e-01  +7.95317068e-01
   2715.0000  +1.26617808e-01  +8.27092549e-01
   2725.0000  +1.34749415e-01  +8.15637626e-01
   2735.0000  +1.25782354e-01  +7.96911399e-01
   2745.0000  +1.19596959e-01  +7.85886196e-01
   2755.0000  +1.12457048e-01  +7.90886682e-01
   2765.0000  +1.36439546e-01  +8.46505344e-01
   2775.0000  +1.36539225e-01  +8.45953858e-01
   2785.0000  +1.25171996e-01  +8.02892120e-01
   2795.0000  +1.27735971e-01  +8.04343630e-01
   2805.0000  +1.19622185e-01  +8.00133463e-01
   2815.0000  +1.32353816e-01  +8.13465066e-01
   2825.0000  +1.16143035e-01  +8.13724708e-01
   2835.0000  +1.20096676e-01  +7.91823555e-01
   2845.0000  +1.25413662e-01  +8.29777164e-01
   2855.0000  +1.27061987e-01  +8.32606612e-01
   2865.0000  +1.25211296e-01  +8.42548303e-01
   2875.0000  +1.22176630e-01  +8.49436963e-01
   2885.0000  +1.33307827e-01  +8.43049506e-01
   2895.0000  +1.36650610e-01  +8.51755481e-01
   2905.0000  +1.30602468e-01  +8.46764668e-01
   2915.0000  +1.23258708e-01  +8.30818459e-01
   2925.0000  +1.59040411e-01  +8.88570411e-01
   2935.0000  +1.32296761e-01  +8.50913093e-01
   2945.0000  +1.46075064e-01  +8.97719446e-01
   2955.0000  +1.44714002e-01  +8.82070289e-01
   2965.0000  +1.56129365e-01  +8.69802841e-01
   2975.0000  +1.56552099e-01  +8.92857344e-01
   2985.0000  +1.45704235e-01  +8.98861246e-01
   2995.0000  +1.59269204e-01  +9.12248370e-01
   3005.0000  +1.69784015e-01  +9.25993496e-01
   3015.0000  +1.47816134e-01  +9.04438719e-01
   3025.0000  +1.66139369e-01  +9.18926133e-01
   3035.0000  +1.55593081e-01  +9.36527052e-01
   3045.0000  +1.57390734e-01  +9.37661045e-01
   3055.0000  +1.62616338e-01  +9.34881164e-01
   3065.0000  +1.87252495e-01  +9.46730539e-01
   3075.0000  +1.76498966e-01  +9.42483955e-01
   3085.0000  +1.74996778e-01  +9.42843717e-01
   3095.0000  +1.70997463e-01  +9.40605400e-01
   3105.0000  +1.72800725e-01  +9.28156079e-01
   3115.0000  +2.06612721e-01  +9.69185684e-01
   3125.0000  +1.68903389e-01  +9.41788620e-01
   3135.0000  +1.84461295e-01  +9.48819971e-01
   3145.0000  +1.86633076e-01  +9.50629851e-01
   3155.0000  +1.87356071e-01  +9.65916734e-01
   3165.0000  +1.94636158e-01  +9.62450385e-01
   3175.0000  +1.94030166e-01  +9.51893646e-01
   3185.0000  +1.88797064e-01  +9.61472555e-01
   3195.0000  +1.86663707e-01  +9.62301672e-01
   3210.0000  +1.92160941e-01  +9.61695164e-01
   3230.0000  +1.94988591e-01  +9.63254935e-01
   3250.0000  +1.80977918e-01  +9.56764547e-01
   3270.0000  +2.05525400e-01  +9.66269707e-01
   3290.0000  +1.83919071e-01  +9.59530959e-01
   3310.0000  +2.07752863e-01  +9.74640537e-01
   3330.0000  +2.25894998e-01  +9.82978988e-01
   3350.0000  +2.16464931e-01  +9.76959519e-01
   3370.0000  +2.21776252e-01  +9.79441130e-01
   3390.0000  +2.39705667e-01  +9.85256451e-01
   3410.0000  +2.33170828e-01  +9.83374609e-01
   3430.0000  +2.32316408e-01  +9.83412962e-01
   3450.0000  +2.19945046e-01  +9.79732887e-01
   3470.0000  +2.41050878e-01  +9.85612888e-01
   3490.0000  +2.42451007e-01  +9.85627388e-01
   3510.0000  +2.29939236e-01  +9.82259219e-01
   3530.0000  +2.45811017e-01  +9.84841535e-01
   3550.0000  +2.40684619e-01  +9.83659394e-01
   3570.0000  +2.60459407e-01  +9.88265179e-01
   3590.0000  +2.63235547e-01  +9.88363420e-01
   3610.0000  +2.53878500e-01  +9.86911325e-01
   3630.0000  +2.59394338e-01  +9.87233953e-01
   3650.0000  +2.71657252e-01  +9.87814377e-01
   3670.0000  +2.81494544e-01  +9.88522433e-01
   3690.0000  +2.99774112e-01  +9.88002112e-01
   3710.0000  +3.08013611e-01  +9.88287766e-01
   3730.0000  +2.69575807e-01  +9.83880865e-01
   3750.0000  +2.94126601e-01  +9.86032954e-01
   3770.0000  +2.93362496e-01  +9.86581402e-01
   3790.0000  +3.02977831e-01  +9.88065399e-01
   3810.0000  +2.88405384e-01  +9.85043566e-01
   3830.0000  +2.84498422e-01  +9.84851149e-01
   3850.0000  +2.93493835e-01  +9.88227470e-01
   3870.0000  +3.09800525e-01  +9.87616379e-01
   3890.0000  +3.07128303e-01  +9.86413661e-01
   3910.0000  +2.97231938e-01  +9.84604129e-01
   3930.0000  +2.95262964e-01  +9.82382356e-01
   3950.0000  +3.27837750e-01  +9.86423174e-01
   3970.0000  +3.21072626e-01  +9.86669070e-01
   3990.0000  +3.45806060e-01  +9.85377283e-01
   4010.0000  +3.28783120e-01  +9.85481285e-01
   4030.0000  +3.15459304e-01  +9.84606794e-01
   4050.0000  +3.09935731e-01  +9.85642208e-01
   4070.0000  +3.24552791e-01  +9.81615961e-01
   4090.0000  +3.33122109e-01  +9.84939064e-01
   4110.0000  +3.36844186e-01  +9.86489700e-01
   4130.0000  +3.31155287e-01  +9.85323604e-01
   4150.0000  +3.39094959e-01  +9.84768433e-01
   4170.0000  +3.32472458e-01  +9.82839231e-01
   4190.0000  +3.48962391e-01  +9.82480222e-01
   4210.0000  +3.66216856e-01  +9.79181328e-01
   4230.0000  +3.44368073e-01  +9.85637227e-01
   4250.0000  +3.49744606e-01  +9.79370425e-01
   4270.0000  +3.41870957e-01  +9.80889125e-01
   4290.0000  +5.51873878e-01  +9.65711845e-01
   4310.0000  +6.84588991e-01  +9.57410150e-01
   4330.0000  +5.82706126e-01  +9.63490591e-01
   4350.0000  +8.33679032e-01  +9.46544406e-01
   4370.0000  +8.32107504e-01  +9.50474108e-01
   4390.0000  +7.97616832e-01  +9.51111272e-01
   4410.0000  +1.06679339e+00  +9.42274916e-01
   4430.0000  +9.59981403e-01  +9.44805831e-01
   4450.0000  +9.41928006e-01  +9.47989397e-01
   4470.0000  +1.19289112e+00  +9.37336264e-01
   4490.0000  +1.01308499e+00  +9.43477549e-01
   4510.0000  +1.05455227e+00  +9.45306458e-01
   4530.0000  +1.24436735e+00  +9.39804586e-01
   4550.0000  +1.10656547e+00  +9.41024451e-01
   4570.0000  +1.02863810e+00  +9.45621148e-01
   4590.0000  +1.23548749e+00  +9.40081423e-01
   4610.0000  +1.10334283e+00  +9.40710353e-01
   4630.0000  +1.10747968e+00  +9.40639681e-01
   4650.0000  +1.00133567e+00  +9.57128649e-01
   4670.0000  +1.01437868e+00  +9.47339099e-01
   4690.0000  +1.03739739e+00  +9.41811509e-01
   4710.0000  +1.02418814e+00  +9.44335370e-01
   4730.0000  +9.29828689e-01  +9.45696693e-01
   4750.0000  +9.82365822e-01  +9.41916376e-01
   4770.0000  +9.90161870e-01  +9.44472628e-01
   4790.0000  +9.55335938e-01  +9.47112967e-01
   4810.0000  +1.01749892e+00  +9.43066797e-01
   4830.0000  +9.06731555e-01  +9.48687378e-01
   4850.0000  +9.21193995e-01  +9.47975304e-01
   4870.0000  +9.51418609e-01  +9.47090296e-01
   4890.0000  +9.29923766e-01  +9.47124863e-01
   4910.0000  +9.31474929e-01  +9.49204929e-01
   4930.0000  +9.32074538e-01  +9.49851970e-01
   4950.0000  +9.36219252e-01  +9.49647888e-01
   4970.0000  +9.28278204e-01  +9.50607710e-01
   4990.0000  +9.26647726e-01  +9.51748224e-01
   5010.0000  +8.83277924e-01  +9.53959190e-01
   5030.0000  +8.73617843e-01  +9.53163323e-01
   5050.0000  +9.34415330e-01  +9.50121590e-01
   5070.0000  +9.03689715e-01  +9.51261970e-01
   5090.0000  +8.51368625e-01  +9.54731876e-01
   5110.0000  +9.05473176e-01  +9.54302439e-01
   5130.0000  +8.44929180e-01  +9.59062150e-01
   5150.0000  +8.82738646e-01  +9.51547879e-01
   5170.0000  +8.18738213e-01  +9.59349370e-01
   5190.0000  +8.76328683e-01  +9.54927465e-01
   5210.0000  +8.66396790e-01  +9.55826596e-01
   5230.0000  +8.73667434e-01  +9.52970779e-01
   5250.0000  +8.27046348e-01  +9.52667576e-01
   5270.0000  +7.92415182e-01  +9.55556449e-01
   5290.0000  +8.70218915e-01  +9.53264916e-01
   5310.0000  +8.29668286e-01  +9.54897097e-01
   5330.0000  +8.28185634e-01  +9.53474320e-01
   5350.0000  +8.01235136e-01  +9.55913575e-01
   5370.0000  +7.97963800e-01  +9.56234835e-01
   5390.0000  +7.89718884e-01  +9.57004940e-01
   5410.0000  +7.96523042e-01  +9.58092225e-01
   5430.0000  +8.32205659e-01  +9.53512972e-01
   5450.0000  +7.84698882e-01  +9.56989639e-01
   5470.0000  +7.79649819e-01  +9.57500974e-01
   5490.0000  +8.00085962e-01  +9.57853460e-01
   5510.0000  +7.71441498e-01  +9.58100034e-01
   5530.0000  +7.22665249e-01  +9.61821038e-01
   5550.0000  +8.02223654e-01  +9.59745052e-01
   5570.0000  +7.14606674e-01  +9.60163951e-01
   5590.0000  +7.59602785e-01  +9.61322985e-01
   5610.0000  +7.57938257e-01  +9.60483924e-01
   5630.0000  +7.64448424e-01  +9.61746540e-01
   5650.0000  +7.19750045e-01  +9.66100048e-01
   5670.0000  +7.12062459e-01  +9.64444410e-01
   5690.0000  +7.48266768e-01  +9.60206823e-01
   5710.0000  +7.05327154e-01  +9.64999029e-01
   5730.0000  +7.20092372e-01  +9.67114435e-01
   5750.0000  +7.15824965e-01  +9.65875517e-01
   5770.0000  +7.08042085e-01  +9.65977865e-01
   5790.0000  +6.92675825e-01  +9.68141440e-01
   5810.0000  +7.03073861e-01  +9.65335941e-01
   5830.0000  +7.00840862e-01  +9.67755580e-01
   5850.0000  +6.87581806e-01  +9.70411491e-01
   5870.0000  +6.95700585e-01  +9.67159208e-01
   5890.0000  +6.96167847e-01  +9.69301662e-01
   5910.0000  +6.45937190e-01  +9.76525516e-01
   5930.0000  +6.75775894e-01  +9.71988395e-01
   5950.0000  +6.86803073e-01  +9.70928439e-01
   5970.0000  +6.66647779e-01  +9.71897644e-01
   5990.0000  +6.64002317e-01  +9.72673950e-01
   6010.0000  +6.58660019e-01  +9.72860581e-01
   6030.0000  +6.60148431e-01  +9.72070301e-01
   6050.0000  +6.68692068e-01  +9.71393467e-01
   6070.0000  +6.69613822e-01  +9.72399190e-01
   6090.0000  +6.66089685e-01  +9.72109638e-01
   6110.0000  +6.76520766e-01  +9.72595964e-01
   6130.0000  +6.58776146e-01  +9.74746128e-01
   6150.0000  +6.68644807e-01  +9.76303661e-01
   6170.0000  +6.62848585e-01  +9.76397894e-01
   6190.0000  +6.38536649e-01  +9.73263989e-01
   6210.0000  +6.34873501e-01  +9.71538449e-01
   6230.0000  +6.54808539e-01  +9.71962922e-01
   6250.0000  +6.56637058e-01  +9.73070813e-01
   6270.0000  +6.52512208e-01  +9.75026080e-01
   6290.0000  +6.44981737e-01  +9.72197934e-01
   6310.0000  +6.57213821e-01  +9.74943124e-01
   6330.0000  +6.32947285e-01  +9.75436874e-01
   6350.0000  +6.43026401e-01  +9.74999321e-01
   6370.0000  +6.37640583e-01  +9.74448286e-01
   6390.0000  +6.38662890e-01  +9.72749520e-01
   6420.0000  +6.40537727e-01  +9.74898907e-01
   6460.0000  +6.50006211e-01  +9.75310106e-01
   6500.0000  +6.48372715e-01  +9.73093495e-01
   6540.0000  +6.46089509e-01  +9.74142633e-01
   6580.0000  +6.46250933e-01  +9.74234227e-01
   6620.0000  +6.49208432e-01  +9.73886010e-01
   6660.0000  +6.53671441e-01  +9.75383214e-01
   6700.0000  +6.55632620e-01  +9.72605832e-01
   6740.0000  +6.63429844e-01  +9.75429166e-01
   6780.0000  +6.61604613e-01  +9.73300986e-01
   6820.0000  +6.66053341e-01  +9.72330529e-01
   6860.0000  +6.71407256e-01  +9.73253350e-01
   6900.0000  +6.70252962e-01  +9.71573921e-01
   6940.0000  +6.73326950e-01  +9.70980745e-01
   6980.0000  +6.64572201e-01  +9.69405289e-01
   7020.0000  +6.90073791e-01  +9.72396809e-01
   7060.0000  +6.82353545e-01  +9.71477414e-01
   7100.0000  +6.89322761e-01  +9.70286821e-01
   7140.0000  +6.99081279e-01  +9.73693182e-01
   7180.0000  +7.14179753e-01  +9.75118112e-01
   7220.0000  +7.15733092e-01  +9.74131003e-01
   7260.0000  +7.04052715e-01  +9.70413658e-01
   7300.0000  +7.10966186e-01  +9.72182963e-01
   7340.0000  +7.28140314e-01  +9.72716204e-01
   7380.0000  +7.13003231e-01  +9.70978429e-01
   7420.0000  +7.31876253e-01  +9.70226246e-01
   7460.0000  +7.27478523e-01  +9.70002882e-01
   7500.0000  +7.20422502e-01  +9.71991165e-01
   7540.0000  +7.26078859e-01  +9.67587632e-01
   7580.0000  +7.28360667e-01  +9.68086950e-01
   7620.0000  +7.52594437e-01  +9.70847956e-01
   7660.0000  +7.55054942e-01  +9.72466429e-01
   7700.0000  +7.37616281e-01  +9.64955081e-01
   7740.0000  +7.46654659e-01  +9.67581904e-01
   7780.0000  +7.63605517e-01  +9.71304700e-01
   7820.0000  +7.69346390e-01  +9.69462012e-01
   7860.0000  +7.68841667e-01  +9.69503833e-01
   7900.0000  +7.71967877e-01  +9.67073881e-01
   7940.0000  +7.63156300e-01  +9.64227307e-01
   7980.0000  +7.63711617e-01  +9.66678542e-01
   8020.0000  +7.87431003e-01  +9.68940685e-01
   8060.0000  +7.83283259e-01  +9.65564058e-01
   8100.0000  +7.87560505e-01  +9.66808182e-01
   8140.0000  +7.95163503e-01  +9.64366289e-01
   8180.0000  +7.74693425e-01  +9.61642717e-01
   8220.0000  +7.98733649e-01  +9.66808965e-01
   8260.0000  +7.85120122e-01  +9.64010204e-01
   8300.0000  +8.09321488e-01  +9.66459857e-01
   8340.0000  +8.10848301e-01  +9.64444565e-01
   8380.0000  +8.11117895e-01  +9.63691322e-01
   8420.0000  +8.19206784e-01  +9.64788393e-01
   8460.0000  +8.01928041e-01  +9.61175109e-01
   8500.0000  +8.04531718e-01  +9.59692492e-01
   8540.0000  +8.06486872e-01  +9.59129030e-01
   8580.0000  +8.25786910e-01  +9.62721544e-01
   8620.0000  +8.37044417e-01  +9.63532912e-01
   8660.0000  +8.38674084e-01  +9.63213749e-01
   8700.0000  +8.20086433e-01  +9.60473783e-01
   8740.0000  +8.45994938e-01  +9.60608093e-01
   8780.0000  +8.47584333e-01  +9.61421289e-01
   8820.0000  +8.51653853e-01  +9.61772454e-01
   8860.0000  +8.32614820e-01  +9.56437103e-01
   8900.0000  +8.61015436e-01  +9.60005655e-01
   8940.0000  +8.61733957e-01  +9.57749890e-01
   8980.0000  +8.69024151e-01  +9.57557299e-01
   9020.0000  +8.37224329e-01  +9.53974454e-01
   9060.0000  +8.63883505e-01  +9.59994470e-01
   9100.0000  +8.76729721e-01  +9.61068948e-01
   9140.0000  +8.72366460e-01  +9.57740614e-01
   9180.0000  +8.80337014e-01  +9.60474620e-01
   9220.0000  +8.79055323e-01  +9.59536367e-01
   9260.0000  +8.73026261e-01  +9.55573953e-01
   9300.0000  +8.90295587e-01  +9.58210089e-01
   9340.0000  +8.85386499e-01  +9.58944223e-01
   9380.0000  +8.65148907e-01  +9.50271299e-01
   9420.0000  +8.84618826e-01  +9.55751275e-01
   9460.0000  +8.94686823e-01  +9.57834997e-01
   9500.0000  +8.96059304e-01  +9.54450153e-01
   9540.0000  +8.95298674e-01  +9.54942601e-01
   9580.0000  +8.78173004e-01  +9.54008951e-01
   9620.0000  +9.05047993e-01  +9.53279809e-01
   9660.0000  +8.77514402e-01  +9.50669312e-01
   9700.0000  +8.89534441e-01  +9.50395406e-01
   9740.0000  +9.21314933e-01  +9.54452243e-01
   9780.0000  +9.18536120e-01  +9.52932778e-01
   9820.0000  +9.15781320e-01  +9.54755459e-01
   9860.0000  +9.13525686e-01  +9.53481628e-01
   9900.0000  +9.15654253e-01  +9.52127625e-01
   9940.0000  +8.94757630e-01  +9.48257721e-01
   9980.0000  +9.20014196e-01  +9.48879169e-01
  10020.0000  +9.28188599e-01  +9.52004095e-01
  20000.0000  +1.21232867e+00  +9.19183467e-01
  40000.0100  +1.43280577e+00  +9.14885316e-01
  60000.0100  +1.58859544e+00  +9.14434826e-01
  80000.0100  +1.71576123e+00  +9.13746193e-01
 100000.0100  +1.81663820e+00  +9.13920243e-01
 120000.0200  +1.90992853e+00  +9.13898768e-01
 140000.0200  +1.99108618e+00  +9.13920008e-01
 160000.0200  +2.06355294e+00  +9.14020596e-01
