# wavelength_nm   slope_a   correlation_r
     44.1000  -1.26688375e+00  -4.81609414e-02
     45.1000  -1.26692975e+00  -4.81626591e-02
     46.0000  -1.26697594e+00  -4.81643629e-02
     47.0000  -1.26704362e+00  -4.81668745e-02
     48.0000  -1.26714028e+00  -4.81705079e-02
     49.0000  +3.85001088e+04  +1.87810443e-02
     50.0000  +2.96322605e+04  +1.87809228e-02
     50.6000  +4.83036739e+03  +9.68238269e-02
     51.2000  +1.30865610e+03  +1.12674134e-01
     52.0000  +2.58353007e+02  +1.87211342e-02
     53.0000  -1.26758846e+00  -4.81874636e-02
     54.0000  -1.26793442e+00  -4.82004259e-02
     55.0000  -1.26808826e+00  -4.82064175e-02
     56.0000  -1.26834785e+00  -4.82160672e-02
     57.0000  -1.26871971e+00  -4.82301393e-02
     58.0000  +9.77931734e+02  +1.87466068e-02
     59.0000  +2.88017811e+03  +1.87760116e-02
     60.0000  +2.43578116e+03  +1.87750158e-02
     61.0000  +2.03743531e+03  +1.87737531e-02
     62.0000  +3.52430750e+02  +1.86850603e-02
     63.0000  +3.02520022e+02  +1.86692374e-02
     64.0000  +2.61092311e+02  +1.86515450e-02
     65.0000  +2.26426283e+02  +1.86317926e-02
     65.8000  +2.02859202e+02  +1.86145339e-02
     66.5000  +1.91376388e+02  +1.86045860e-02
     67.5000  +1.67873974e+02  +1.85800574e-02
     68.5000  +1.42557327e+02  +1.85446962e-02
     69.5000  +1.26043511e+02  +1.85140603e-02
     70.5000  +5.06224270e+01  +1.94019552e-02
     71.6000  +3.34315165e+01  +1.74568492e-02
     72.6000  +2.96717494e+01  +1.73019443e-02
     73.5000  +2.67603010e+01  +1.71546531e-02
     74.5000  +2.26238733e+02  +4.52184636e-02
     75.5000  +2.04017456e+02  +4.51712230e-02
     76.5000  +1.79982232e+02  +4.51070939e-02
     77.5000  +1.67468949e+02  +4.50664614e-02
     78.5000  +1.48667187e+02  +4.49928122e-02
     79.5000  +2.70845730e+01  +6.06105029e-02
     80.5000  +6.60297584e+01  +4.38800220e-02
     81.5000  +5.33767906e+01  +4.34779128e-02
     82.5000  +4.79195029e+01  +4.32419730e-02
     83.5000  +4.39337792e+01  +4.30345935e-02
     84.5000  +4.04586455e+01  +4.28223352e-02
     85.5000  +3.72995882e+01  +4.25972235e-02
     86.5000  +1.81392405e+01  +4.01245984e-02
     87.5000  +1.90885985e+01  +4.03688477e-02
     88.5000  +1.55942647e+01  +3.93390308e-02
     89.5000  +1.43675750e+01  +3.88753348e-02
     90.5000  +1.34929181e+01  +3.85002910e-02
     91.5000  -1.59188174e+04  -8.72987991e-01
     92.5000  -5.60129799e+04  -8.86588178e-01
     93.5000  -9.95159587e+04  -8.86637137e-01
     94.5000  -2.81339944e+04  -8.86782909e-01
     95.5000  -8.38354218e+06  -8.86702758e-01
     96.5000  -7.29460168e+06  -8.86735745e-01
     97.5000  -6.23629283e+04  -8.86650963e-01
     98.5000  -5.69870028e+06  -8.86693458e-01
     99.5000  -5.01239998e+06  -8.86683171e-01
    100.5000  -4.50126958e+06  -8.86714101e-01
    101.5000  -3.99432174e+06  -8.86650819e-01
    102.5000  -1.41889612e+05  -8.86570595e-01
    103.5000  -2.84224376e+06  -8.86636893e-01
    104.5000  -2.52205871e+06  -8.86726040e-01
    105.5000  -2.52897749e+06  -8.86587780e-01
    106.5000  -2.02307187e+06  -8.86694565e-01
    107.5000  -1.81561011e+06  -8.86656900e-01
    108.5000  -1.63005516e+06  -8.86663873e-01
    109.5000  -1.47596054e+06  -8.86659949e-01
    110.5000  -4.35568400e+04  -8.88248441e-01
    111.5000  -3.64931613e+04  -8.89101981e-01
    112.5000  -2.86760650e+04  -8.89740243e-01
    113.5000  -2.35059234e+04  -8.90519527e-01
    114.5000  -2.20265176e+04  -8.90562883e-01
    115.5000  -2.13518679e+04  -8.90223063e-01
    116.5000  -2.04541368e+04  -8.90395769e-01
    117.5000  -1.85057704e+04  -8.90439944e-01
    118.5000  -1.96964941e+04  -8.89660394e-01
    119.5000  -2.29542274e+04  -8.88583150e-01
    120.5000  -3.26408487e+04  -8.88014864e-01
    121.5000  -1.61968716e+05  -8.86296579e-01
    122.5000  -3.66083392e+04  -8.87703166e-01
    123.5000  -1.86789532e+04  -8.89149526e-01
    124.5000  -1.59780587e+04  -8.90628418e-01
    125.5000  -1.62620090e+04  -8.91774247e-01
    126.5000  -1.67083448e+04  -8.91883544e-01
    127.5000  -1.62678283e+04  -8.92585141e-01
    128.5000  -1.90882880e+04  -8.93340758e-01
    129.5000  -1.91536840e+04  -8.93198033e-01
    130.5000  -2.01052535e+04  -8.93204372e-01
    131.5000  -2.00819745e+04  -8.93592821e-01
    132.5000  -2.43091467e+04  -8.93430607e-01
    133.5000  -2.60797590e+04  -8.92998857e-01
    134.5000  -2.50049337e+04  -8.93265248e-01
    135.5000  -2.40298446e+04  -8.92992025e-01
    136.5000  -2.67500542e+04  -8.92854197e-01
    137.5000  -2.97702450e+04  -8.92335201e-01
    138.5000  -2.96519051e+04  -8.91886255e-01
    139.5000  -3.26775735e+04  -8.91778675e-01
    140.5000  -2.77590363e+04  -8.91904902e-01
    141.5000  -2.67444730e+04  -8.91814279e-01
    142.5000  -2.60496702e+04  -8.91782532e-01
    143.5000  -2.26593462e+04  -8.91719248e-01
    144.2000  -1.77377018e+04  -8.92712372e-01
    144.7000  -2.26652102e+04  -8.91872345e-01
    145.5000  -2.10234973e+04  -8.92212202e-01
    146.5000  -1.59836745e+04  -8.92292212e-01
    147.5000  -1.55001216e+04  -8.92293837e-01
    148.5000  -1.67203141e+04  -8.92118969e-01
    149.5000  -1.35396562e+04  -8.92840894e-01
    150.5000  -1.14555723e+04  -8.93130780e-01
    151.2000  -2.07508201e+04  -8.91877759e-01
    151.7000  -1.57930459e+04  -8.92104906e-01
    152.5000  -2.56744583e+03  -8.96279090e-01
    153.5000  -1.45733201e+03  -8.97697823e-01
    154.5000  -2.07186132e+03  -8.96387596e-01
    155.5000  -1.20981288e+03  -8.97778234e-01
    156.5000  -1.39073365e+03  -8.96516027e-01
    157.5000  -7.30975205e+02  -8.99197987e-01
    158.5000  -6.62572994e+02  -8.99750027e-01
    159.5000  -6.14914774e+02  -9.00150885e-01
    160.5000  -6.27099820e+02  -8.99693171e-01
    161.5000  -6.26708602e+02  -8.99674041e-01
    162.5000  -6.02931386e+02  -8.98694439e-01
    163.5000  -5.50280066e+02  -9.00209817e-01
    164.5000  -4.21550382e+02  -9.01588706e-01
    165.5000  -6.40347989e+02  -8.98178779e-01
    166.5000  -4.14855219e+02  -9.00639881e-01
    167.2000  -6.13583464e+02  -8.98105036e-01
    167.7000  -1.84752112e+02  -9.09156478e-01
    168.5000  -1.77887957e+02  -9.08701624e-01
    169.5000  -1.51202658e+02  -9.07307123e-01
    170.5000  -1.53408094e+02  -9.08926882e-01
    171.5000  -1.82042159e+02  -9.16351975e-01
    172.5000  -1.52256583e+02  -9.15304536e-01
    173.5000  -1.42290367e+02  -9.21216833e-01
    174.5000  -1.12150602e+02  -9.22358890e-01
    175.5000  -9.77582121e+01  -9.32669351e-01
    176.5000  -1.00680275e+02  -9.20990588e-01
    177.5000  -1.03602879e+02  -9.26740841e-01
    178.5000  -8.87595023e+01  -9.32527725e-01
    179.5000  -8.51935240e+01  -9.44119456e-01
    180.5000  -7.84136060e+01  -9.34176480e-01
    181.5000  -8.51066323e+01  -9.24296431e-01
    182.5000  -7.17088225e+01  -9.28769757e-01
    183.5000  -7.38290632e+01  -9.26400130e-01
    184.5000  -8.94730507e+01  -9.11154798e-01
    185.5000  -7.48081277e+01  -9.30960028e-01
    186.5000  -7.12769538e+01  -9.38530446e-01
    187.5000  -6.85500768e+01  -9.36076237e-01
    188.5000  -6.70279283e+01  -9.35918641e-01
    189.5000  -5.88640585e+01  -9.43670110e-01
    190.5000  -6.00701463e+01  -9.38997171e-01
    191.5000  -5.95078177e+01  -9.42342467e-01
    192.5000  -5.73545906e+01  -9.29719185e-01
    193.5000  -6.94991736e+01  -9.08757350e-01
    194.5000  -5.34475154e+01  -9.40918886e-01
    195.5000  -5.35312810e+01  -9.40882940e-01
    196.7000  -4.69172358e+01  -9.47474220e-01
    197.6000  -4.69890997e+01  -9.36873217e-01
    198.4000  -4.42552614e+01  -9.47547699e-01
    199.5000  -4.53655900e+01  -9.51005762e-01
    200.5000  -4.53169146e+01  -9.45045604e-01
    201.5000  -4.43262287e+01  -9.46553045e-01
    202.5000  -4.96505651e+01  -9.31661543e-01
    203.5000  -4.41326903e+01  -9.46947617e-01
    204.5000  -4.19792521e+01  -9.49788747e-01
    205.5000  -4.04012620e+01  -9.44815945e-01
    206.5000  -4.02614702e+01  -9.41160140e-01
    207.4000  -4.11350505e+01  -9.44015145e-01
    207.8000  -1.10084548e+01  -9.05796729e-01
    208.5000  -8.16434259e+00  -8.76487473e-01
    209.5000  -9.40665208e+00  -8.88506162e-01
    210.5000  -8.73428713e+00  -8.71003131e-01
    211.5000  -7.67476858e+00  -8.59038198e-01
    212.5000  -8.22324961e+00  -8.53646337e-01
    213.5000  -7.72887473e+00  -8.42909734e-01
    214.5000  -6.19935933e+00  -8.17704077e-01
    215.5000  -8.03005615e+00  -8.59945783e-01
    216.5000  -8.94404636e+00  -8.65338524e-01
    217.5000  -1.04540385e+01  -8.85077006e-01
    218.5000  -6.26572160e+00  -8.18605605e-01
    219.5000  -8.23524860e+00  -8.65795751e-01
    220.5000  -7.55763872e+00  -8.48418745e-01
    221.5000  -1.10437903e+01  -8.81509143e-01
    222.5000  -7.60704831e+00  -8.41035756e-01
    223.5000  -4.79237766e+00  -7.69278817e-01
    224.5000  -5.13350662e+00  -7.80044013e-01
    225.5000  -7.89150761e+00  -8.40091077e-01
    226.5000  -1.11771130e+01  -8.78073068e-01
    227.5000  -1.10820442e+01  -8.82890826e-01
    228.5000  -5.23505979e+00  -7.84413582e-01
    229.5000  -8.46243889e+00  -8.53745407e-01
    230.5000  -6.32307377e+00  -8.18385214e-01
    231.5000  -8.41805775e+00  -8.55335857e-01
    232.5000  -9.17791082e+00  -8.55630618e-01
    233.5000  -1.01312223e+01  -8.57382431e-01
    234.5000  -1.76701812e+01  -8.82298357e-01
    235.5000  -8.29709124e+00  -8.46217174e-01
    236.5000  -1.56738435e+01  -8.78952386e-01
    237.5000  -1.23566130e+01  -8.74165165e-01
    238.5000  -2.11980306e+01  -8.84711324e-01
    239.5000  -1.69491866e+01  -8.82084564e-01
    240.5000  -1.63380620e+01  -8.80386954e-01
    241.5000  -1.52462656e+01  -8.79941390e-01
    242.5000  -7.55798032e+00  -8.35048852e-01
    243.5000  -7.24597281e+00  -8.29979864e-01
    244.5000  -5.43044951e+00  -7.92959710e-01
    245.5000  -4.70973213e+00  -7.66681181e-01
    246.5000  -8.08930348e+00  -8.48270565e-01
    247.5000  -1.01076050e+01  -8.65367009e-01
    248.5000  -3.07339368e+01  -9.08024969e-01
    249.5000  -1.81178703e+01  -8.92109427e-01
    250.5000  -1.05809599e+01  -8.78319680e-01
    251.3000  -2.72646480e+01  -8.96167180e-01
    251.8000  -3.78106240e+01  -8.91729449e-01
    252.5000  -3.33959861e+01  -8.92598558e-01
    253.5000  -1.30915804e+01  -8.66298145e-01
    254.5000  -1.32083615e+01  -8.72736753e-01
    255.5000  -2.66297114e+00  -6.56040341e-01
    256.5000  -6.12318566e+00  -8.05791193e-01
    257.5000  -3.11489911e+00  -6.93922468e-01
    258.5000  -4.43412147e+00  -7.60214750e-01
    259.5000  -5.79444974e+00  -8.00158924e-01
    260.5000  -7.85524311e+00  -8.31990203e-01
    261.5000  -9.60087793e+00  -8.46577216e-01
    262.5000  -5.91982396e+00  -8.04391149e-01
    263.5000  -3.32160804e-01  -1.61312705e-01
    264.5000  +3.89785464e-01  +2.36715891e-01
    265.5000  +2.09502443e+00  +9.27446503e-01
    266.5000  -6.35458926e-02  -3.56095264e-02
    267.5000  +4.27702154e-01  +2.62726763e-01
    268.5000  +1.27863736e+00  +7.30462686e-01
    269.5000  -8.69764372e-01  -3.84341992e-01
    270.5000  +2.32934422e-01  +1.49957327e-01
    271.5000  -1.90070188e+00  -6.05695878e-01
    272.5000  -6.37662586e+00  -8.33186217e-01
    273.5000  -2.88282371e+00  -7.07832240e-01
    274.5000  -7.94626946e+00  -8.39197948e-01
    275.5000  -3.91737795e+00  -7.56916439e-01
    276.5000  -1.72836218e+00  -5.83641293e-01
    277.5000  -1.95288640e+00  -6.36049915e-01
    278.5000  -7.42903459e+00  -8.46864855e-01
    279.5000  -2.16337107e+01  -8.78013520e-01
    280.5000  -1.71639684e+01  -8.75240889e-01
    281.5000  -3.57686376e+00  -7.70737163e-01
    282.5000  -1.16522527e+00  -5.01676331e-01
    283.5000  -2.21750755e+00  -6.71788817e-01
    284.5000  -8.55678003e+00  -8.79042510e-01
    285.5000  -2.02565161e+01  -8.97354004e-01
    286.5000  -4.23494681e+00  -8.01976636e-01
    287.5000  +4.64274158e-02  +2.88491690e-02
    288.5000  -7.51858307e-01  -3.80835949e-01
    289.5000  +9.78517104e-01  +6.59267676e-01
    291.0000  +1.83970673e+00  +9.38903742e-01
    293.0000  +1.25803665e+00  +8.19620510e-01
    295.0000  +7.18536301e-01  +5.28693375e-01
    297.0000  +4.20722408e-01  +3.23889131e-01
    299.0000  +4.72508672e-01  +3.67829940e-01
    301.0000  -9.00454447e-02  -6.21807929e-02
    303.0000  +4.59386360e-01  +3.61075114e-01
    305.0000  +5.35211837e-01  +4.24292969e-01
    307.0000  +9.87515183e-01  +7.48460512e-01
    309.0000  +4.56370047e-01  +3.89862694e-01
    311.0000  +1.20093323e+00  +8.63464073e-01
    313.0000  +8.96383325e-01  +7.00601492e-01
    315.0000  +5.31579945e-01  +4.82771299e-01
    317.0000  +9.15680009e-01  +7.57728761e-01
    319.0000  +3.61524680e-01  +3.19255864e-01
    321.0000  +6.38085709e-01  +5.53521534e-01
    323.0000  -2.22724518e-01  -1.63399756e-01
    325.0000  +1.17486660e+00  +8.79022633e-01
    327.0000  +1.68793482e+00  +9.73197876e-01
    329.0000  +1.50549715e+00  +9.58066992e-01
    331.0000  +1.12937546e+00  +8.73219881e-01
    333.0000  +1.19446930e+00  +9.01168563e-01
    335.0000  +1.06022618e+00  +8.48785612e-01
    337.0000  -4.39977631e-01  -3.13118048e-01
    339.0000  +2.29537744e-01  +2.10827242e-01
    341.0000  +1.90053805e-01  +1.74435799e-01
    343.0000  +4.18727112e-01  +4.04732572e-01
    345.0000  +4.83713583e-01  +4.80082865e-01
    347.0000  +7.07481367e-01  +6.64573514e-01
    349.0000  +1.07598568e+00  +8.82457511e-01
    351.0000  +1.14087053e+00  +9.11471832e-01
    353.0000  +6.16405087e-01  +6.28500675e-01
    355.0000  +1.12781939e+00  +9.03458651e-01
    357.0000  -5.49093508e-01  -3.67901588e-01
    359.0000  -7.40133235e-01  -4.75808151e-01
    361.0000  +4.53315064e-01  +5.07109989e-01
    363.0000  +4.11835619e-01  +4.75496846e-01
    364.0000  +5.88584476e-01  +6.53220228e-01
    365.0000  +9.84341774e-01  +9.02277302e-01
    367.0000  +1.16471972e+00  +9.52305666e-01
    369.0000  +8.23990090e-01  +8.29701312e-01
    371.0000  +9.22087965e-01  +8.99110053e-01
    373.0000  -9.45582655e-01  -5.62067303e-01
    375.0000  -2.17688795e-01  -1.93228547e-01
    377.0000  +7.61612780e-01  +7.70742271e-01
    379.0000  +8.56495657e-01  +7.81414108e-01
    381.0000  +3.99690525e-01  +3.85689112e-01
    383.0000  -3.16341631e+00  -7.92639082e-01
    385.0000  -1.20256165e+00  -5.68518209e-01
    387.0000  -1.74003855e+00  -6.80894580e-01
    389.0000  -1.65935117e-02  -1.70625147e-02
    391.0000  +1.07547286e+00  +8.74573932e-01
    393.0000  -2.09509295e+00  -7.18130931e-01
    395.0000  +6.42746854e-01  +6.52121421e-01
    397.0000  -1.02769136e+00  -5.76526180e-01
    399.0000  +1.65867431e+00  +9.87757376e-01
    401.0000  +1.80853307e+00  +9.92730247e-01
    403.0000  +1.79200015e+00  +9.91182057e-01
    405.0000  +1.64217942e+00  +9.83484276e-01
    407.0000  +1.44151905e+00  +9.65710429e-01
    409.0000  +1.74417200e+00  +9.97529478e-01
    411.0000  +1.68274387e+00  +9.99339937e-01
    413.0000  +1.76865463e+00  +9.92808701e-01
    415.0000  +1.72502695e+00  +9.88538256e-01
    417.0000  +1.81021162e+00  +9.92153532e-01
    419.0000  +1.55573688e+00  +9.79272924e-01
    421.0000  +1.57930550e+00  +9.83948566e-01
    423.0000  +1.41651853e+00  +9.75620394e-01
    425.0000  +1.37315800e+00  +9.69015010e-01
    427.0000  +1.11516474e+00  +9.27105175e-01
    429.0000  +7.44922211e-01  +7.70909979e-01
    431.0000  -1.37750860e-01  -1.41871148e-01
    433.0000  +1.37300596e+00  +9.87872375e-01
    435.0000  +1.29018070e+00  +9.86382761e-01
    437.0000  +1.58171618e+00  +9.91842090e-01
    439.0000  +1.26712387e+00  +9.63659900e-01
    441.0000  +1.53650375e+00  +9.88670903e-01
    443.0000  +1.74731279e+00  +9.97842696e-01
    445.0000  +1.64862111e+00  +9.96846622e-01
    447.0000  +1.79799675e+00  +9.98684724e-01
    449.0000  +1.81235578e+00  +9.98776690e-01
    451.0000  +2.03658180e+00  +9.96453916e-01
    453.0000  +1.76052583e+00  +9.98973659e-01
    455.0000  +1.87465787e+00  +9.98371197e-01
    457.0000  +1.97782099e+00  +9.96993649e-01
    459.0000  +1.81707286e+00  +9.98511366e-01
    461.0000  +1.84607029e+00  +9.98255892e-01
    463.0000  +1.83086946e+00  +9.98386401e-01
    465.0000  +1.81854059e+00  +9.98416111e-01
    467.0000  +1.88549072e+00  +9.97501714e-01
    469.0000  +1.81407417e+00  +9.98109248e-01
    471.0000  +1.76715768e+00  +9.98461404e-01
    473.0000  +1.85197985e+00  +9.97718391e-01
    475.0000  +1.88044675e+00  +9.96868493e-01
    477.0000  +1.89109403e+00  +9.96584692e-01
    479.0000  +1.87323588e+00  +9.96539173e-01
    481.0000  +1.81962691e+00  +9.97200319e-01
    483.0000  +1.83036304e+00  +9.96092109e-01
    485.0000  +1.55637448e+00  +9.97627658e-01
    487.0000  +1.28075592e+00  +9.99654632e-01
    489.0000  +1.61946912e+00  +9.98701848e-01
    491.0000  +1.65645689e+00  +9.98511919e-01
    493.0000  +1.60157616e+00  +9.99298900e-01
    495.0000  +1.70107449e+00  +9.97995902e-01
    497.0000  +1.74463080e+00  +9.97494254e-01
    499.0000  +1.54746929e+00  +9.99659020e-01
    501.0000  +1.43947646e+00  +9.99431931e-01
    503.0000  +1.57969492e+00  +9.99483562e-01
    505.0000  +1.58531083e+00  +9.99530726e-01
    507.0000  +1.72799062e+00  +9.97843800e-01
    509.0000  +1.60505578e+00  +9.99531666e-01
    511.0000  +1.63851312e+00  +9.99242969e-01
    513.0000  +1.59992399e+00  +9.99609164e-01
    515.0000  +1.46619185e+00  +9.99709066e-01
    517.0000  +1.05928664e+00  +9.78223144e-01
    519.0000  +1.15711807e+00  +9.91412067e-01
    521.0000  +1.44699293e+00  +9.99890500e-01
    523.0000  +1.45904845e+00  +9.99717782e-01
    525.0000  +1.55054044e+00  +9.98419219e-01
    527.0000  +1.20087294e+00  +9.95815167e-01
    529.0000  +1.52409715e+00  +9.98531062e-01
    531.0000  +1.62144450e+00  +9.96081604e-01
    533.0000  +1.33824130e+00  +9.99712373e-01
    535.0000  +1.52532538e+00  +9.97906434e-01
    537.0000  +1.49764059e+00  +9.98357734e-01
    539.0000  +1.47883917e+00  +9.98663332e-01
    541.0000  +1.37728131e+00  +9.99765284e-01
    543.0000  +1.43888400e+00  +9.99244760e-01
    545.0000  +1.48550006e+00  +9.98086508e-01
    547.0000  +1.46891814e+00  +9.98231968e-01
    549.0000  +1.50381473e+00  +9.97621571e-01
    551.0000  +1.46123054e+00  +9.98387689e-01
    553.0000  +1.47517398e+00  +9.97620388e-01
    555.0000  +1.49284543e+00  +9.96809835e-01
    557.0000  +1.40907438e+00  +9.98367963e-01
    559.0000  +1.36607244e+00  +9.99269256e-01
    561.0000  +1.43620600e+00  +9.97381516e-01
    563.0000  +1.45574336e+00  +9.97259298e-01
    565.0000  +1.47396223e+00  +9.96767305e-01
    567.0000  +1.41434692e+00  +9.97962258e-01
    569.0000  +1.43912239e+00  +9.96790731e-01
    571.0000  +1.37976410e+00  +9.98337063e-01
    573.0000  +1.53554382e+00  +9.93841991e-01
    575.0000  +1.45649616e+00  +9.96043779e-01
    577.0000  +1.47151901e+00  +9.95225609e-01
    579.0000  +1.42056749e+00  +9.97030493e-01
    581.0000  +1.45969151e+00  +9.95372711e-01
    583.0000  +1.49217908e+00  +9.93630863e-01
    585.0000  +1.43695991e+00  +9.95459604e-01
    587.0000  +1.44161130e+00  +9.94994779e-01
    589.0000  +1.22716063e+00  +9.99808755e-01
    591.0000  +1.40718958e+00  +9.95808144e-01
    593.0000  +1.41071390e+00  +9.95509531e-01
    595.0000  +1.42007485e+00  +9.94936644e-01
    597.0000  +1.42450265e+00  +9.94524602e-01
    599.0000  +1.40445903e+00  +9.94943652e-01
    601.0000  +1.35234898e+00  +9.96273030e-01
    603.0000  +1.37090273e+00  +9.95433847e-01
    605.0000  +1.42791168e+00  +9.93690582e-01
    607.0000  +1.39680586e+00  +9.94292058e-01
    609.0000  +1.35669655e+00  +9.95989087e-01
    611.0000  +1.33228355e+00  +9.96274706e-01
    613.0000  +1.22538812e+00  +9.98645164e-01
    615.0000  +1.29877658e+00  +9.96819788e-01
    617.0000  +1.19391368e+00  +9.99116191e-01
    619.0000  +1.32200606e+00  +9.95860275e-01
    621.0000  +1.33438250e+00  +9.95033662e-01
    623.0000  +1.25773424e+00  +9.97405404e-01
    625.0000  +1.21125481e+00  +9.98564098e-01
    627.0000  +1.31091234e+00  +9.95795948e-01
    629.0000  +1.31239370e+00  +9.95104264e-01
    631.0000  +1.24100770e+00  +9.97061554e-01
    633.0000  +1.26048719e+00  +9.96606598e-01
    635.0000  +1.28334279e+00  +9.95909281e-01
    637.0000  +1.27477236e+00  +9.95838850e-01
    639.0000  +1.27505021e+00  +9.95484051e-01
    641.0000  +1.20736239e+00  +9.97077793e-01
    643.0000  +1.24753597e+00  +9.96097712e-01
    645.0000  +1.22374620e+00  +9.96132714e-01
    647.0000  +1.20180950e+00  +9.96647080e-01
    649.0000  +1.16434236e+00  +9.97396150e-01
    651.0000  +1.21951718e+00  +9.94922565e-01
    653.0000  +1.20360804e+00  +9.93931310e-01
    655.0000  +1.03575148e+00  +9.91816688e-01
    657.0000  +8.00856750e-01  +9.91657625e-01
    659.0000  +1.11220410e+00  +9.94636009e-01
    661.0000  +1.21270057e+00  +9.94139278e-01
    663.0000  +1.21094162e+00  +9.95077874e-01
    665.0000  +1.21195095e+00  +9.95043480e-01
    667.0000  +1.18533411e+00  +9.96030439e-01
    669.0000  +1.23492454e+00  +9.93854210e-01
    671.0000  +1.18195041e+00  +9.96316570e-01
    673.0000  +1.21589468e+00  +9.94553408e-01
    675.0000  +1.19230695e+00  +9.95281835e-01
    677.0000  +1.19937866e+00  +9.94896770e-01
    679.0000  +1.19518915e+00  +9.95081577e-01
    681.0000  +1.18256981e+00  +9.95206963e-01
    683.0000  +1.19570604e+00  +9.94598333e-01
    685.0000  +1.13540127e+00  +9.96589290e-01
    687.0000  +1.17195864e+00  +9.95284127e-01
    689.0000  +1.18402006e+00  +9.94605717e-01
    691.0000  +1.16069453e+00  +9.95028084e-01
    693.0000  +1.16689998e+00  +9.95318569e-01
    695.0000  +1.15076107e+00  +9.95329502e-01
    697.0000  +1.16167994e+00  +9.95065213e-01
    699.0000  +1.15583925e+00  +9.95006548e-01
    701.0000  +1.09092613e+00  +9.97234267e-01
    703.0000  +1.12851850e+00  +9.95849837e-01
    705.0000  +1.13995295e+00  +9.95251868e-01
    707.0000  +1.11846676e+00  +9.95595502e-01
    709.0000  +1.10987406e+00  +9.95891979e-01
    711.0000  +1.13639682e+00  +9.94457771e-01
    713.0000  +1.08763879e+00  +9.96598153e-01
    715.0000  +1.07876151e+00  +9.96453378e-01
    717.0000  +1.09194300e+00  +9.95957675e-01
    719.0000  +1.00938764e+00  +9.98445340e-01
    721.0000  +1.06781863e+00  +9.96610404e-01
    723.0000  +1.08947152e+00  +9.95923396e-01
    725.0000  +1.10044547e+00  +9.95115357e-01
    727.0000  +1.09213304e+00  +9.95433372e-01
    729.0000  +1.01798432e+00  +9.97658662e-01
    731.0000  +1.06643697e+00  +9.96214048e-01
    733.0000  +1.06596596e+00  +9.95893903e-01
    735.0000  +1.08345693e+00  +9.95528214e-01
    737.0000  +1.08431485e+00  +9.95166155e-01
    739.0000  +1.01301854e+00  +9.97164095e-01
    741.0000  +9.39478085e-01  +9.98624869e-01
    743.0000  +1.02380571e+00  +9.96360367e-01
    745.0000  +1.03744098e+00  +9.96039446e-01
    747.0000  +1.05831740e+00  +9.95173551e-01
    749.0000  +1.03700512e+00  +9.95509682e-01
    751.0000  +1.03363186e+00  +9.95698690e-01
    753.0000  +1.04238921e+00  +9.95009279e-01
    755.0000  +1.05540461e+00  +9.94500844e-01
    757.0000  +1.03349980e+00  +9.95324354e-01
    759.0000  +1.02655983e+00  +9.95467583e-01
    761.0000  +1.02548891e+00  +9.95333091e-01
    763.0000  +1.03059060e+00  +9.95099376e-01
    765.0000  +1.03966263e+00  +9.94111388e-01
    767.0000  +9.54254554e-01  +9.96986975e-01
    769.0000  +1.03447869e+00  +9.94396417e-01
    771.0000  +9.96479475e-01  +9.95839481e-01
    773.0000  +1.00646069e+00  +9.94881973e-01
    775.0000  +9.73024607e-01  +9.96240941e-01
    777.0000  +1.03599340e+00  +9.92720082e-01
    779.0000  +1.01692895e+00  +9.94081591e-01
    781.0000  +1.01928922e+00  +9.93924212e-01
    783.0000  +9.87657950e-01  +9.94881769e-01
    785.0000  +9.89181034e-01  +9.94581684e-01
    787.0000  +1.02162962e+00  +9.93684483e-01
    789.0000  +1.01821747e+00  +9.94117629e-01
    791.0000  +9.85898982e-01  +9.95540768e-01
    793.0000  +9.41663011e-01  +9.96586806e-01
    795.0000  +9.42199877e-01  +9.96798612e-01
    797.0000  +9.98587208e-01  +9.94679086e-01
    799.0000  +1.00521818e+00  +9.94011538e-01
    801.0000  +9.64130462e-01  +9.95326302e-01
    803.0000  +9.74905528e-01  +9.94731732e-01
    805.0000  +9.58277742e-01  +9.95158892e-01
    807.0000  +9.88475769e-01  +9.94527765e-01
    809.0000  +9.36383417e-01  +9.96399972e-01
    811.0000  +9.76708436e-01  +9.94975503e-01
    813.0000  +9.84311473e-01  +9.94201684e-01
    815.0000  +9.75479908e-01  +9.94506307e-01
    817.0000  +9.75389559e-01  +9.94464098e-01
    819.0000  +8.89536065e-01  +9.96955974e-01
    821.0000  +9.09082203e-01  +9.96557135e-01
    823.0000  +9.01681111e-01  +9.96475937e-01
    825.0000  +9.41186401e-01  +9.94872737e-01
    827.0000  +9.68655543e-01  +9.94079673e-01
    829.0000  +9.59660842e-01  +9.94347392e-01
    831.0000  +9.26534989e-01  +9.95776411e-01
    833.0000  +9.05066874e-01  +9.96267212e-01
    835.0000  +9.30973753e-01  +9.95437732e-01
    837.0000  +9.43914820e-01  +9.94840994e-01
    839.0000  +8.90936149e-01  +9.97090587e-01
    841.0000  +9.41842284e-01  +9.94639827e-01
    843.0000  +8.93959497e-01  +9.96184195e-01
    845.0000  +9.28965563e-01  +9.93856420e-01
    847.0000  +8.95786216e-01  +9.95430496e-01
    849.0000  +9.19112707e-01  +9.93819282e-01
    851.0000  +7.78672755e-01  +9.98059978e-01
    853.0000  +9.18631703e-01  +9.93572846e-01
    855.0000  +7.09197022e-01  +9.97547733e-01
    857.0000  +9.39259961e-01  +9.92804001e-01
    859.0000  +8.81739007e-01  +9.94400392e-01
    861.0000  +8.83999364e-01  +9.94230998e-01
    863.0000  +9.17424971e-01  +9.93358041e-01
    865.0000  +9.21615164e-01  +9.92564827e-01
    867.0000  +6.63259705e-01  +9.96476602e-01
    869.0000  +8.44085164e-01  +9.96430015e-01
    871.0000  +8.96868092e-01  +9.94582383e-01
    873.0000  +8.93833325e-01  +9.93544845e-01
    875.0000  +8.31128227e-01  +9.92928311e-01
    877.0000  +9.03046886e-01  +9.92714615e-01
    879.0000  +8.94909427e-01  +9.94363914e-01
    881.0000  +8.33330860e-01  +9.96857177e-01
    883.0000  +8.78558668e-01  +9.94654842e-01
    885.0000  +8.68008213e-01  +9.91814114e-01
    887.0000  +7.98148630e-01  +9.92499738e-01
    889.0000  +9.04265607e-01  +9.92326374e-01
    891.0000  +9.31112299e-01  +9.91608933e-01
    893.0000  +8.87967780e-01  +9.94440184e-01
    895.0000  +8.86240693e-01  +9.94398881e-01
    897.0000  +8.96744312e-01  +9.93500593e-01
    899.0000  +9.05306703e-01  +9.92124322e-01
    901.0000  +7.55975853e-01  +9.93303056e-01
    903.0000  +8.59658587e-01  +9.90710508e-01
    905.0000  +9.23887634e-01  +9.90960461e-01
    907.0000  +8.97588310e-01  +9.92301259e-01
    909.0000  +8.25284294e-01  +9.95357786e-01
    911.0000  +8.68890536e-01  +9.94590781e-01
    913.0000  +9.00554368e-01  +9.92244327e-01
    915.0000  +9.04854994e-01  +9.92592097e-01
    917.0000  +9.01875347e-01  +9.92301454e-01
    919.0000  +9.18107758e-01  +9.90054371e-01
    921.0000  +8.46738012e-01  +9.92322840e-01
    923.0000  +7.98300671e-01  +9.84555604e-01
    925.0000  +8.30798979e-01  +9.91746624e-01
    927.0000  +8.77626492e-01  +9.91752395e-01
    929.0000  +9.00017358e-01  +9.91942404e-01
    931.0000  +9.10255880e-01  +9.91101171e-01
    933.0000  +8.93308595e-01  +9.92247311e-01
    935.0000  +8.87238207e-01  +9.92456655e-01
    937.0000  +8.85137929e-01  +9.92400190e-01
    939.0000  +8.99936683e-01  +9.91084382e-01
    941.0000  +7.96234947e-01  +9.95163235e-01
    943.0000  +8.90705935e-01  +9.91680995e-01
    945.0000  +8.56781189e-01  +9.93228751e-01
    947.0000  +8.95991000e-01  +9.90897370e-01
    949.0000  +9.07013221e-01  +9.90031646e-01
    951.0000  +8.87565638e-01  +9.89969936e-01
    953.0000  +8.57151683e-01  +9.89143382e-01
    955.0000  +7.81370008e-01  +9.81513526e-01
    957.0000  +8.47878946e-01  +9.90196605e-01
    959.0000  +8.93881875e-01  +9.89443835e-01
    961.0000  +8.87678829e-01  +9.90965820e-01
    963.0000  +8.62201871e-01  +9.91298474e-01
    965.0000  +8.48253547e-01  +9.92790488e-01
    967.0000  +8.67797852e-01  +9.90943310e-01
    969.0000  +8.93032886e-01  +9.89611408e-01
    971.0000  +8.72641700e-01  +9.91852632e-01
    973.0000  +8.85026230e-01  +9.91341766e-01
    975.0000  +8.58785805e-01  +9.91712269e-01
    977.0000  +8.70261615e-01  +9.91195275e-01
    979.0000  +8.67652695e-01  +9.91851224e-01
    981.0000  +8.73697532e-01  +9.91086156e-01
    983.0000  +8.78620326e-01  +9.90119628e-01
    985.0000  +8.82022059e-01  +9.89232979e-01
    987.0000  +8.55803266e-01  +9.90723929e-01
    989.0000  +8.61214580e-01  +9.90007090e-01
    991.0000  +8.61839986e-01  +9.90864939e-01
    993.0000  +8.86073700e-01  +9.88624507e-01
    995.0000  +8.81436031e-01  +9.89229665e-01
    997.0000  +8.82630268e-01  +9.88458504e-01
    999.0000  +8.75955217e-01  +9.88897235e-01
   1002.5000  +8.42554076e-01  +9.85977391e-01
   1007.5000  +8.28168531e-01  +9.84831332e-01
   1012.5000  +8.72279548e-01  +9.87831187e-01
   1017.5000  +8.52274893e-01  +9.89322439e-01
   1022.5000  +8.60276137e-01  +9.89298789e-01
   1027.5000  +8.76341430e-01  +9.87705453e-01
   1032.5000  +8.43319252e-01  +9.89825702e-01
   1037.5000  +8.46663013e-01  +9.88810162e-01
   1042.5000  +8.63977262e-01  +9.88100674e-01
   1047.5000  +8.51972905e-01  +9.88191543e-01
   1052.5000  +8.57140259e-01  +9.87536646e-01
   1057.5000  +8.47227891e-01  +9.87152369e-01
   1062.5000  +8.32420667e-01  +9.88135232e-01
   1067.5000  +8.03000859e-01  +9.88866448e-01
   1072.5000  +8.35481257e-01  +9.87287248e-01
   1077.5000  +8.11578370e-01  +9.89041192e-01
   1082.5000  +7.87736657e-01  +9.89567429e-01
   1087.5000  +7.93670408e-01  +9.88243991e-01
   1092.5000  +7.70742936e-01  +9.77697125e-01
   1097.5000  +7.71204674e-01  +9.85345203e-01
   1102.5000  +8.33821422e-01  +9.84848151e-01
   1107.5000  +8.46785669e-01  +9.84263719e-01
   1112.5000  +8.39201473e-01  +9.84604758e-01
   1117.5000  +8.29913546e-01  +9.84643488e-01
   1122.5000  +8.45338000e-01  +9.83118385e-01
   1127.5000  +8.08582917e-01  +9.84695193e-01
   1132.5000  +8.31299739e-01  +9.82567195e-01
   1137.5000  +8.20780878e-01  +9.84849287e-01
   1142.5000  +8.02219841e-01  +9.85388717e-01
   1147.5000  +8.40148235e-01  +9.83217179e-01
   1152.5000  +8.42474612e-01  +9.81909874e-01
   1157.5000  +8.30069444e-01  +9.81691872e-01
   1162.5000  +8.02210416e-01  +9.83770519e-01
   1167.5000  +8.19137476e-01  +9.80295608e-01
   1172.5000  +8.46444401e-01  +9.80595774e-01
   1177.5000  +8.13153231e-01  +9.80919262e-01
   1182.5000  +8.06669591e-01  +9.81502302e-01
   1187.5000  +8.00165826e-01  +9.81451958e-01
   1192.5000  +8.49056501e-01  +9.78961228e-01
   1197.5000  +7.72823435e-01  +9.83685869e-01
   1202.5000  +8.14723035e-01  +9.79296180e-01
   1207.5000  +8.01890088e-01  +9.80018886e-01
   1212.5000  +8.28977646e-01  +9.78439054e-01
   1217.5000  +8.51990300e-01  +9.74901676e-01
   1222.5000  +8.51499705e-01  +9.74997891e-01
   1227.5000  +8.32238306e-01  +9.76642223e-01
   1232.5000  +8.42999227e-01  +9.76018170e-01
   1237.5000  +8.39389108e-01  +9.75740944e-01
   1242.5000  +8.37771797e-01  +9.74266503e-01
   1247.5000  +8.45641712e-01  +9.74973650e-01
   1252.5000  +8.42023988e-01  +9.73453771e-01
   1257.5000  +8.35151648e-01  +9.73389889e-01
   1262.5000  +8.34176747e-01  +9.74461400e-01
   1267.5000  +8.21083206e-01  +9.74338462e-01
   1272.5000  +8.35054185e-01  +9.71984499e-01
   1277.5000  +8.09944972e-01  +9.67810415e-01
   1282.5000  +7.01907516e-01  +9.59496281e-01
   1287.5000  +8.08113550e-01  +9.68954835e-01
   1292.5000  +8.27839356e-01  +9.71342056e-01
   1297.5000  +8.37368638e-01  +9.68972922e-01
   1302.5000  +8.28114999e-01  +9.70351774e-01
   1307.5000  +8.37794947e-01  +9.70518164e-01
   1312.5000  +8.17200376e-01  +9.70685755e-01
   1317.5000  +8.11131332e-01  +9.70557699e-01
   1322.5000  +8.40072354e-01  +9.67337908e-01
   1327.5000  +8.15289041e-01  +9.70030508e-01
   1332.5000  +8.31515459e-01  +9.67104153e-01
   1337.5000  +8.26990817e-01  +9.67427271e-01
   1342.5000  +8.39941748e-01  +9.66085972e-01
   1347.5000  +8.34981031e-01  +9.65490853e-01
   1352.5000  +8.35744914e-01  +9.63873938e-01
   1357.5000  +8.12363219e-01  +9.66219475e-01
   1362.5000  +8.23278361e-01  +9.66167645e-01
   1367.5000  +8.24780151e-01  +9.64795563e-01
   1372.5000  +8.26742445e-01  +9.62972703e-01
   1377.5000  +8.20673574e-01  +9.62916287e-01
   1382.5000  +8.25632787e-01  +9.61736823e-01
   1387.5000  +8.22515850e-01  +9.63181740e-01
   1392.5000  +8.19006278e-01  +9.60669851e-01
   1397.5000  +8.16839684e-01  +9.60416864e-01
   1402.5000  +8.05027317e-01  +9.61583838e-01
   1407.5000  +8.15767240e-01  +9.60207047e-01
   1412.5000  +7.97361523e-01  +9.61357161e-01
   1417.5000  +8.17496574e-01  +9.57361817e-01
   1422.5000  +7.84414637e-01  +9.60674137e-01
   1427.5000  +7.71119524e-01  +9.62815535e-01
   1432.5000  +8.02867165e-01  +9.57973044e-01
   1437.5000  +8.16999676e-01  +9.55051311e-01
   1442.5000  +7.62840173e-01  +9.59076011e-01
   1447.5000  +8.06745818e-01  +9.56174204e-01
   1452.5000  +7.75290959e-01  +9.56919378e-01
   1457.0000  +7.87243587e-01  +9.57039970e-01
   1462.0000  +7.99485029e-01  +9.53341522e-01
   1467.5000  +7.97579675e-01  +9.53118799e-01
   1472.5000  +7.76459270e-01  +9.55026255e-01
   1477.5000  +7.79420718e-01  +9.52925771e-01
   1482.5000  +7.81626543e-01  +9.52542877e-01
   1487.5000  +7.45793206e-01  +9.56197937e-01
   1492.5000  +7.91238720e-01  +9.49981210e-01
   1497.5000  +7.71707285e-01  +9.51925214e-01
   1502.5000  +7.22594171e-01  +9.57550349e-01
   1507.5000  +7.29047091e-01  +9.55657762e-01
   1512.5000  +7.75227824e-01  +9.50547342e-01
   1517.5000  +7.79764318e-01  +9.50550318e-01
   1522.5000  +7.52236838e-01  +9.51285337e-01
   1527.5000  +7.63289278e-01  +9.49365023e-01
   1532.5000  +7.55348940e-01  +9.48419532e-01
   1537.5000  +7.48707167e-01  +9.48280522e-01
   1542.5000  +7.62068475e-01  +9.45811481e-01
   1547.5000  +7.52424099e-01  +9.45704039e-01
   1552.5000  +7.32010363e-01  +9.46889793e-01
   1557.5000  +7.36315584e-01  +9.47248850e-01
   1562.5000  +7.33343928e-01  +9.42480169e-01
   1567.5000  +7.16261670e-01  +9.47717111e-01
   1572.5000  +7.28807053e-01  +9.44116453e-01
   1577.5000  +6.75837084e-01  +9.50000146e-01
   1582.5000  +7.01958198e-01  +9.44715595e-01
   1587.5000  +6.74358361e-01  +9.50794351e-01
   1592.5000  +7.06327127e-01  +9.45962903e-01
   1597.5000  +7.18206677e-01  +9.44318935e-01
   1605.0000  +6.98025783e-01  +9.41813364e-01
   1615.0000  +6.89164446e-01  +9.41665188e-01
   1625.0000  +7.14720631e-01  +9.43218486e-01
   1635.0000  +6.76742741e-01  +9.40657126e-01
   1645.0000  +6.69177489e-01  +9.40294887e-01
   1655.0000  +7.08204910e-01  +9.40736010e-01
   1665.0000  +7.09923631e-01  +9.40502312e-01
   1675.0000  +6.61440551e-01  +9.37830851e-01
   1685.0000  +6.47295764e-01  +9.36595187e-01
   1695.0000  +7.05670976e-01  +9.39975024e-01
   1705.0000  +6.92928635e-01  +9.43056298e-01
   1715.0000  +6.91163731e-01  +9.44054546e-01
   1725.0000  +6.74382568e-01  +9.41970496e-01
   1735.0000  +6.01539711e-01  +9.33790478e-01
   1745.0000  +6.48357559e-01  +9.38835137e-01
   1755.0000  +6.80064205e-01  +9.41722639e-01
   1765.0000  +6.79690405e-01  +9.42253918e-01
   1775.0000  +6.77197513e-01  +9.44605359e-01
   1785.0000  +6.75264105e-01  +9.42614505e-01
   1795.0000  +6.72207355e-01  +9.44340231e-01
   1805.0000  +6.57399791e-01  +9.42146035e-01
   1815.0000  +5.81187633e-01  +9.31036467e-01
   1825.0000  +6.17082474e-01  +9.39355262e-01
   1835.0000  +6.50981972e-01  +9.42862914e-01
   1845.0000  +6.38604344e-01  +9.47103582e-01
   1855.0000  +6.46103763e-01  +9.45140089e-01
   1865.0000  +6.17944911e-01  +9.45772035e-01
   1875.0000  +5.18240196e-01  +9.32815318e-01
   1885.0000  +6.13485605e-01  +9.41858875e-01
   1895.0000  +6.02672493e-01  +9.49525236e-01
   1905.0000  +6.32670874e-01  +9.45670547e-01
   1915.0000  +6.26414749e-01  +9.46806412e-01
   1925.0000  +6.20538680e-01  +9.46913282e-01
   1935.0000  +5.98063302e-01  +9.45575077e-01
   1945.0000  +5.18994152e-01  +9.32941870e-01
   1955.0000  +5.94542638e-01  +9.42263130e-01
   1965.0000  +6.04165499e-01  +9.47760255e-01
   1975.0000  +6.02257656e-01  +9.51321550e-01
   1985.0000  +6.11061491e-01  +9.46322860e-01
   1995.0000  +6.06014711e-01  +9.50636402e-01
   2005.0000  +6.10975231e-01  +9.47556947e-01
   2015.0000  +6.15288931e-01  +9.44470736e-01
   2025.0000  +6.04883457e-01  +9.48067827e-01
   2035.0000  +5.81898678e-01  +9.50852894e-01
   2045.0000  +6.02532750e-01  +9.47891593e-01
   2055.0000  +5.97856973e-01  +9.45241479e-01
   2065.0000  +5.81838035e-01  +9.47311224e-01
   2075.0000  +5.83610099e-01  +9.48745556e-01
   2085.0000  +5.91560167e-01  +9.46485995e-01
   2095.0000  +5.74485204e-01  +9.48923687e-01
   2105.0000  +5.83551938e-01  +9.48786967e-01
   2115.0000  +5.80822982e-01  +9.49645391e-01
   2125.0000  +5.75440995e-01  +9.49248362e-01
   2135.0000  +5.77125261e-01  +9.48031687e-01
   2145.0000  +5.71297974e-01  +9.45845194e-01
   2155.0000  +5.57864864e-01  +9.44803628e-01
   2165.0000  +4.83298321e-01  +9.32566045e-01
   2175.0000  +5.43020900e-01  +9.47057782e-01
   2185.0000  +5.44898927e-01  +9.50944808e-01
   2195.0000  +5.70560082e-01  +9.49103026e-01
   2205.0000  +5.42000186e-01  +9.53846314e-01
   2215.0000  +5.56403118e-01  +9.50153977e-01
   2225.0000  +5.62398665e-01  +9.49625456e-01
   2235.0000  +5.57694921e-01  +9.49666617e-01
   2245.0000  +5.43338763e-01  +9.52065802e-01
   2255.0000  +5.48245007e-01  +9.50608482e-01
   2265.0000  +5.39698957e-01  +9.52941988e-01
   2275.0000  +5.46915899e-01  +9.48897199e-01
   2285.0000  +5.29736814e-01  +9.51101360e-01
   2295.0000  +5.84935065e-01  +9.60306581e-01
   2305.0000  +5.65133171e-01  +9.53430501e-01
   2315.0000  +5.56020256e-01  +9.50826383e-01
   2325.0000  +5.80008588e-01  +9.64836259e-01
   2335.0000  +5.54791187e-01  +9.57637346e-01
   2345.0000  +5.60104470e-01  +9.56290338e-01
   2355.0000  +5.64296828e-01  +9.66238047e-01
   2365.0000  +5.55026950e-01  +9.57788704e-01
   2375.0000  +5.45639851e-01  +9.54931666e-01
   2385.0000  +5.53448164e-01  +9.64408768e-01
   2395.0000  +5.56619974e-01  +9.58730239e-01
   2405.0000  +5.44682742e-01  +9.56526503e-01
   2415.0000  +5.55037297e-01  +9.62736795e-01
   2425.0000  +5.44115617e-01  +9.59218086e-01
   2435.0000  +5.29279868e-01  +9.58277632e-01
   2445.0000  +5.46775312e-01  +9.61001263e-01
   2455.0000  +5.26228215e-01  +9.62868822e-01
   2465.0000  +5.31965237e-01  +9.57379692e-01
   2475.0000  +5.23342921e-01  +9.61394270e-01
   2485.0000  +5.11110602e-01  +9.61741874e-01
   2495.0000  +5.21009143e-01  +9.57709720e-01
   2505.0000  +5.20538952e-01  +9.56339899e-01
   2515.0000  +5.23626389e-01  +9.61937151e-01
   2525.0000  +5.18469630e-01  +9.57602340e-01
   2535.0000  +5.00805025e-01  +9.57764568e-01
   2545.0000  +5.06068951e-01  +9.61368728e-01
   2555.0000  +4.94782127e-01  +9.59264582e-01
   2565.0000  +4.89140873e-01  +9.60014941e-01
   2575.0000  +4.99369752e-01  +9.56073809e-01
   2585.0000  +4.79420551e-01  +9.61842719e-01
   2595.0000  +4.92345041e-01  +9.59861378e-01
   2605.0000  +4.81598821e-01  +9.55664165e-01
   2615.0000  +4.74570500e-01  +9.54826644e-01
   2625.0000  +4.15881948e-01  +9.43513206e-01
   2635.0000  +4.61829999e-01  +9.57765444e-01
   2645.0000  +4.58935013e-01  +9.60566050e-01
   2655.0000  +4.64446227e-01  +9.61075977e-01
   2665.0000  +4.46813891e-01  +9.65339038e-01
   2675.0000  +4.61758361e-01  +9.58380906e-01
   2685.0000  +4.62912800e-01  +9.58529637e-01
   2695.0000  +4.68464010e-01  +9.61260530e-01
   2705.0000  +4.65466854e-01  +9.60319899e-01
   2715.0000  +4.57052214e-01  +9.58228258e-01
   2725.0000  +4.53127018e-01  +9.62735457e-01
   2735.0000  +4.61801871e-01  +9.61355505e-01
   2745.0000  +4.57926515e-01  +9.60221352e-01
   2755.0000  +4.41006637e-01  +9.57638914e-01
   2765.0000  +4.36388324e-01  +9.61100939e-01
   2775.0000  +4.45227917e-01  +9.61395112e-01
   2785.0000  +4.50658628e-01  +9.62090713e-01
   2795.0000  +4.46695811e-01  +9.64263160e-01
   2805.0000  +4.46321030e-01  +9.59156282e-01
   2815.0000  +4.45749657e-01  +9.64742796e-01
   2825.0000  +4.42327950e-01  +9.57307845e-01
   2835.0000  +4.45270978e-01  +9.62925083e-01
   2845.0000  +4.37761999e-01  +9.61722265e-01
   2855.0000  +4.36552294e-01  +9.61844045e-01
   2865.0000  +4.24412242e-01  +9.57176394e-01
   2875.0000  +4.11996094e-01  +9.57423379e-01
   2885.0000  +4.29076217e-01  +9.62817866e-01
   2895.0000  +4.27924995e-01  +9.64014083e-01
   2905.0000  +4.28097209e-01  +9.61778483e-01
   2915.0000  +4.30041118e-01  +9.60652920e-01
   2925.0000  +4.23767861e-01  +9.68638523e-01
   2935.0000  +4.28016776e-01  +9.61423756e-01
   2945.0000  +4.19118825e-01  +9.64220140e-01
   2955.0000  +4.20807305e-01  +9.65150753e-01
   2965.0000  +4.15571969e-01  +9.69270520e-01
   2975.0000  +4.11375514e-01  +9.68193551e-01
   2985.0000  +4.15729799e-01  +9.63276934e-01
   2995.0000  +4.08985335e-01  +9.67215849e-01
   3005.0000  +4.00119812e-01  +9.67719761e-01
   3015.0000  +4.10932666e-01  +9.63932661e-01
   3025.0000  +4.03566188e-01  +9.67405751e-01
   3035.0000  +3.80578410e-01  +9.59997974e-01
   3045.0000  +3.84851739e-01  +9.61302885e-01
   3055.0000  +3.95000338e-01  +9.62596574e-01
   3065.0000  +3.86820411e-01  +9.70602133e-01
   3075.0000  +3.90472163e-01  +9.68405582e-01
   3085.0000  +3.94338419e-01  +9.66368878e-01
   3095.0000  +3.93711142e-01  +9.65692632e-01
   3105.0000  +3.90356382e-01  +9.67122685e-01
   3115.0000  +3.65053698e-01  +9.66837590e-01
   3125.0000  +3.90923150e-01  +9.64920559e-01
   3135.0000  +3.82147796e-01  +9.69320625e-01
   3145.0000  +3.82535197e-01  +9.69423871e-01
   3155.0000  +3.73308893e-01  +9.64677457e-01
   3165.0000  +3.75053949e-01  +9.67063084e-01
   3175.0000  +3.79985861e-01  +9.71052804e-01
   3185.0000  +3.77858722e-01  +9.67465309e-01
   3195.0000  +3.75486530e-01  +9.65635473e-01
   3210.0000  +3.74487828e-01  +9.69938404e-01
   3230.0000  +3.76696119e-01  +9.69197180e-01
   3250.0000  +3.81846969e-01  +9.66568188e-01
   3270.0000  +3.66957418e-01  +9.70525449e-01
   3290.0000  +3.50986768e-01  +9.62159065e-01
   3310.0000  +3.55372013e-01  +9.67270970e-01
   3330.0000  +3.49538575e-01  +9.70872399e-01
   3350.0000  +3.56177600e-01  +9.72654188e-01
   3370.0000  +3.52973445e-01  +9.72416689e-01
   3390.0000  +3.41488546e-01  +9.75588818e-01
   3410.0000  +3.43285314e-01  +9.71984335e-01
   3430.0000  +3.45901597e-01  +9.73622448e-01
   3450.0000  +3.48607474e-01  +9.69511999e-01
   3470.0000  +3.40067093e-01  +9.74889877e-01
   3490.0000  +3.36747418e-01  +9.74308651e-01
   3510.0000  +3.39084665e-01  +9.70615370e-01
   3530.0000  +3.30576695e-01  +9.72804206e-01
   3550.0000  +3.31497250e-01  +9.71942246e-01
   3570.0000  +3.21489385e-01  +9.76452171e-01
   3590.0000  +3.20775282e-01  +9.77057494e-01
   3610.0000  +3.24215919e-01  +9.75172494e-01
   3630.0000  +3.20194575e-01  +9.77077527e-01
   3650.0000  +3.13112312e-01  +9.77320405e-01
   3670.0000  +3.07138053e-01  +9.78877595e-01
   3690.0000  +2.95091820e-01  +9.80986282e-01
   3710.0000  +2.91998539e-01  +9.82767444e-01
   3730.0000  +3.02559853e-01  +9.75973482e-01
   3750.0000  +2.83898911e-01  +9.80927251e-01
   3770.0000  +2.95929792e-01  +9.79732512e-01
   3790.0000  +2.92014763e-01  +9.81925022e-01
   3810.0000  +2.96792870e-01  +9.78555847e-01
   3830.0000  +2.97584822e-01  +9.78003279e-01
   3850.0000  +2.95050400e-01  +9.80615358e-01
   3870.0000  +2.87216000e-01  +9.82016546e-01
   3890.0000  +2.84342831e-01  +9.81503448e-01
   3910.0000  +2.87486478e-01  +9.79814872e-01
   3930.0000  +2.88505419e-01  +9.78408284e-01
   3950.0000  +2.73756451e-01  +9.84345233e-01
   3970.0000  +2.77209241e-01  +9.83969408e-01
   3990.0000  +2.61905774e-01  +9.86829601e-01
   4010.0000  +2.68717405e-01  +9.84143991e-01
   4030.0000  +2.75200234e-01  +9.82168547e-01
   4050.0000  +2.59488990e-01  +9.82711391e-01
   4070.0000  +2.68918275e-01  +9.82146650e-01
   4090.0000  +2.65298837e-01  +9.85234846e-01
   4110.0000  +2.64147736e-01  +9.86916896e-01
   4130.0000  +2.66331757e-01  +9.85199955e-01
   4150.0000  +2.60146025e-01  +9.85978075e-01
   4170.0000  +2.60989502e-01  +9.83956612e-01
   4190.0000  +2.53945082e-01  +9.85558748e-01
   4210.0000  +2.42434482e-01  +9.86197904e-01
   4230.0000  +2.57958959e-01  +9.86881268e-01
   4250.0000  +2.51467681e-01  +9.85115975e-01
   4270.0000  +2.55261858e-01  +9.85214876e-01
   4290.0000  +1.72498446e-01  +9.68067706e-01
   4310.0000  +1.31011095e-01  +8.85163778e-01
   4330.0000  +1.67583371e-01  +9.56349063e-01
   4350.0000  +4.62194264e-02  +3.84740708e-01
   4370.0000  +6.08763221e-02  +4.87889105e-01
   4390.0000  +8.75626124e-02  +6.68657276e-01
   4410.0000  -4.13668202e-02  -2.31517832e-01
   4430.0000  +2.37816780e-02  +1.69605200e-01
   4450.0000  +3.88134583e-02  +2.76383036e-01
   4470.0000  -9.57011822e-02  -4.19995988e-01
   4490.0000  -1.60440830e-03  -1.04281427e-02
   4510.0000  -7.94258767e-03  -4.78179745e-02
   4530.0000  -1.12458902e-01  -4.47728321e-01
   4550.0000  -5.09485048e-02  -2.68608522e-01
   4570.0000  -3.20567976e-03  -2.01428780e-02
   4590.0000  -1.05346136e-01  -4.30243169e-01
   4610.0000  -5.81436732e-02  -3.01280415e-01
   4630.0000  -5.82369082e-02  -3.01759407e-01
   4650.0000  +1.33203102e-02  +8.35389845e-02
   4670.0000  -1.67785366e-02  -1.03935638e-01
   4690.0000  -3.60417961e-02  -2.12307791e-01
   4710.0000  -5.82750671e-03  -3.71687646e-02
   4730.0000  +2.31405965e-02  +1.71301321e-01
   4750.0000  -6.09247901e-03  -4.10605710e-02
   4770.0000  -9.21657895e-03  -6.02906885e-02
   4790.0000  +1.14580759e-02  +8.00333113e-02
   4810.0000  -2.14221671e-02  -1.32372095e-01
   4830.0000  +2.13591014e-02  +1.57807735e-01
   4850.0000  +1.62043389e-02  +1.18223687e-01
   4870.0000  +8.56449874e-03  +5.96793223e-02
   4890.0000  +1.63581760e-02  +1.17552272e-01
   4910.0000  +1.62306840e-02  +1.15527889e-01
   4930.0000  +1.84137705e-02  +1.29920630e-01
   4950.0000  +1.85054483e-02  +1.30146936e-01
   4970.0000  +1.06548489e-02  +7.34401022e-02
   4990.0000  +1.99684865e-02  +1.39769420e-01
   5010.0000  +3.97287851e-02  +2.92355814e-01
   5030.0000  +4.27309842e-02  +3.20930166e-01
   5050.0000  +9.67268011e-03  +6.62527242e-02
   5070.0000  +2.07609583e-02  +1.49774696e-01
   5090.0000  +5.60746420e-02  +4.24667439e-01
   5110.0000  +2.85091643e-02  +2.02616561e-01
   5130.0000  +4.55144150e-02  +3.44837769e-01
   5150.0000  +2.87934124e-02  +2.14674146e-01
   5170.0000  +6.30854833e-02  +4.79014757e-01
   5190.0000  +2.70540194e-02  +1.98815194e-01
   5210.0000  +2.65684576e-02  +1.95821262e-01
   5230.0000  +2.58146317e-02  +1.93147259e-01
   5250.0000  +3.98687769e-02  +3.17935167e-01
   5270.0000  +5.36900828e-02  +4.34457340e-01
   5290.0000  +1.77306586e-02  +1.31336212e-01
   5310.0000  +4.25825110e-02  +3.34803717e-01
   5330.0000  +3.04872609e-02  +2.40409050e-01
   5350.0000  +4.91057195e-02  +3.95191072e-01
   5370.0000  +4.54007353e-02  +3.67131477e-01
   5390.0000  +4.77275609e-02  +3.87745749e-01
   5410.0000  +4.30274528e-02  +3.44449211e-01
   5430.0000  +2.25009233e-02  +1.75622462e-01
   5450.0000  +4.24741336e-02  +3.50549182e-01
   5470.0000  +4.63554177e-02  +3.82482338e-01
   5490.0000  +3.18397803e-02  +2.55209843e-01
   5510.0000  +5.03197102e-02  +4.18896241e-01
   5530.0000  +6.00540395e-02  +5.07440753e-01
   5550.0000  +3.14004606e-02  +2.47823712e-01
   5570.0000  +6.61771599e-02  +5.62416963e-01
   5590.0000  +4.36010055e-02  +3.59457215e-01
   5610.0000  +3.90140506e-02  +3.22303847e-01
   5630.0000  +4.40017547e-02  +3.60615025e-01
   5650.0000  +6.42234747e-02  +5.26205941e-01
   5670.0000  +6.53639150e-02  +5.47665834e-01
   5690.0000  +4.54764776e-02  +3.82735421e-01
   5710.0000  +6.21522731e-02  +5.29720021e-01
   5730.0000  +5.65619432e-02  +4.66412191e-01
   5750.0000  +5.23636580e-02  +4.40181809e-01
   5770.0000  +6.43518446e-02  +5.37248246e-01
   5790.0000  +6.12146706e-02  +5.13107237e-01
   5810.0000  +6.10563027e-02  +5.14745120e-01
   5830.0000  +6.02493614e-02  +5.05935083e-01
   5850.0000  +6.82504532e-02  +5.64998306e-01
   5870.0000  +6.52245827e-02  +5.45664767e-01
   5890.0000  +6.05224361e-02  +5.07257832e-01
   5910.0000  +8.69253619e-02  +6.98353887e-01
   5930.0000  +7.24148777e-02  +5.94103386e-01
   5950.0000  +6.40893133e-02  +5.32290813e-01
   5970.0000  +7.18096979e-02  +6.00958118e-01
   5990.0000  +7.37176111e-02  +6.10224668e-01
   6010.0000  +7.53710342e-02  +6.24045493e-01
   6030.0000  +7.23863206e-02  +6.07349017e-01
   6050.0000  +7.03681060e-02  +5.88706394e-01
   6070.0000  +6.87542498e-02  +5.74247147e-01
   6090.0000  +6.79729828e-02  +5.73232141e-01
   6110.0000  +6.42613538e-02  +5.34676749e-01
   6130.0000  +7.51279835e-02  +6.22674647e-01
   6150.0000  +6.69555323e-02  +5.48414051e-01
   6170.0000  +6.72351825e-02  +5.55808103e-01
   6190.0000  +7.63929693e-02  +6.42448220e-01
   6210.0000  +7.39103104e-02  +6.37957731e-01
   6230.0000  +6.30330017e-02  +5.51460471e-01
   6250.0000  +6.67927858e-02  +5.68807003e-01
   6270.0000  +7.08193754e-02  +5.90841376e-01
   6290.0000  +6.86219354e-02  +5.91287383e-01
   6310.0000  +6.51353106e-02  +5.52330181e-01
   6330.0000  +7.58537073e-02  +6.43745402e-01
   6350.0000  +7.06871623e-02  +5.96424069e-01
   6370.0000  +6.70233045e-02  +5.87215314e-01
   6390.0000  +6.86876891e-02  +5.97727085e-01
   6420.0000  +6.76056990e-02  +5.84368162e-01
   6460.0000  +6.12631650e-02  +5.30442130e-01
   6500.0000  +5.65758990e-02  +4.93686791e-01
   6540.0000  +5.89896140e-02  +5.18547200e-01
   6580.0000  +5.47884752e-02  +4.78989313e-01
   6620.0000  +5.47438751e-02  +4.84586631e-01
   6660.0000  +5.12477313e-02  +4.41595982e-01
   6700.0000  +4.32366656e-02  +3.83899032e-01
   6740.0000  +4.54699317e-02  +3.92999610e-01
   6780.0000  +4.11283770e-02  +3.57478301e-01
   6820.0000  +3.77599920e-02  +3.35299273e-01
   6860.0000  +3.25556948e-02  +2.79432395e-01
   6900.0000  +3.15571402e-02  +2.74749366e-01
   6940.0000  +3.00584633e-02  +2.65910156e-01
   6980.0000  +3.34825016e-02  +3.02826036e-01
   7020.0000  +2.14860538e-02  +1.82090985e-01
   7060.0000  +2.39143986e-02  +2.06582946e-01
   7100.0000  +1.69196576e-02  +1.46202318e-01
   7140.0000  +1.39799366e-02  +1.12473861e-01
   7180.0000  +6.81817781e-03  +5.18929210e-02
   7220.0000  +2.88487103e-03  +2.20618496e-02
   7260.0000  +7.80728601e-03  +6.40492708e-02
   7300.0000  +6.64943458e-03  +5.35027711e-02
   7340.0000  -6.34835880e-03  -4.74265386e-02
   7380.0000  +2.75490924e-03  +2.20408212e-02
   7420.0000  -1.02748933e-02  -7.81951888e-02
   7460.0000  -1.70873260e-02  -1.29305410e-01
   7500.0000  -7.03229111e-03  -5.42692475e-02
   7540.0000  -9.31007899e-03  -7.18955558e-02
   7580.0000  -1.19255400e-02  -9.19774225e-02
   7620.0000  -2.48521317e-02  -1.72355112e-01
   7660.0000  -2.38769836e-02  -1.63580099e-01
   7700.0000  -2.15292929e-02  -1.60809568e-01
   7740.0000  -2.33786039e-02  -1.68987809e-01
   7780.0000  -3.01214291e-02  -2.03104623e-01
   7820.0000  -3.90263903e-02  -2.54743052e-01
   7860.0000  -3.61537370e-02  -2.40724169e-01
   7900.0000  -4.26057006e-02  -2.81270684e-01
   7940.0000  -3.91239884e-02  -2.66705144e-01
   7980.0000  -3.48211519e-02  -2.36234976e-01
   8020.0000  -4.79500265e-02  -2.99601907e-01
   8060.0000  -5.01277361e-02  -3.17503600e-01
   8100.0000  -5.24021123e-02  -3.26388656e-01
   8140.0000  -6.05287908e-02  -3.67513212e-01
   8180.0000  -5.12491472e-02  -3.34569574e-01
   8220.0000  -5.96047536e-02  -3.55401159e-01
   8260.0000  -5.33786262e-02  -3.34866877e-01
   8300.0000  -6.62839643e-02  -3.81517092e-01
   8340.0000  -7.09311406e-02  -4.06607782e-01
   8380.0000  -7.11236453e-02  -4.07577677e-01
   8420.0000  -7.72619311e-02  -4.22856075e-01
   8460.0000  -6.81208210e-02  -4.01687256e-01
   8500.0000  -7.35795716e-02  -4.30586573e-01
   8540.0000  -7.32556288e-02  -4.25259235e-01
   8580.0000  -8.31812644e-02  -4.50879274e-01
   8620.0000  -8.90992484e-02  -4.66633935e-01
   8660.0000  -8.89844086e-02  -4.64610987e-01
   8700.0000  -8.27513943e-02  -4.57338151e-01
   8740.0000  -1.00301163e-01  -5.05659820e-01
   8780.0000  -1.00283113e-01  -5.05370540e-01
   8820.0000  -9.96375074e-02  -4.97516449e-01
   8860.0000  -9.45506993e-02  -4.99389064e-01
   8900.0000  -1.09148747e-01  -5.27026344e-01
   8940.0000  -1.16795650e-01  -5.51062220e-01
   8980.0000  -1.19207689e-01  -5.51648431e-01
   9020.0000  -9.99248367e-02  -5.17154380e-01
   9060.0000  -1.10457830e-01  -5.27937144e-01
   9100.0000  -1.16011382e-01  -5.36266527e-01
   9140.0000  -1.20374339e-01  -5.57592547e-01
   9180.0000  -1.23347896e-01  -5.52075895e-01
   9220.0000  -1.21939187e-01  -5.52549474e-01
   9260.0000  -1.23157221e-01  -5.66473781e-01
   9300.0000  -1.32624085e-01  -5.71385263e-01
   9340.0000  -1.27078717e-01  -5.66706293e-01
   9380.0000  -1.25752938e-01  -5.90304048e-01
   9420.0000  -1.30525170e-01  -5.80965587e-01
   9460.0000  -1.37217298e-01  -5.83439896e-01
   9500.0000  -1.40741874e-01  -6.01721832e-01
   9540.0000  -1.40827813e-01  -6.02672091e-01
   9580.0000  -1.27791183e-01  -5.78238670e-01
   9620.0000  -1.52870097e-01  -6.22918421e-01
   9660.0000  -1.32258080e-01  -5.98339949e-01
   9700.0000  -1.43382293e-01  -6.18107093e-01
   9740.0000  -1.60715825e-01  -6.28678078e-01
   9780.0000  -1.59050905e-01  -6.34350768e-01
   9820.0000  -1.53909063e-01  -6.20340229e-01
   9860.0000  -1.51802277e-01  -6.19550093e-01
   9900.0000  -1.56440197e-01  -6.32073396e-01
   9940.0000  -1.49124948e-01  -6.30725177e-01
   9980.0000  -1.64841103e-01  -6.49241277e-01
  10020.0000  -1.67033702e-01  -6.45118497e-01
  20000.0000  -4.09729420e-01  -8.19098475e-01
  40000.0100  -5.68655708e-01  -8.38511439e-01
  60000.0100  -6.75398912e-01  -8.43906931e-01
  80000.0100  -7.64100738e-01  -8.48488668e-01
 100000.0100  -8.28561846e-01  -8.48579743e-01
 120000.0200  -8.93450694e-01  -8.50954683e-01
 140000.0200  -9.47448563e-01  -8.51798490e-01
 160000.0200  -9.95676379e-01  -8.52672928e-01
