# wavelength_nm   slope_a   correlation_r
     44.1000  -1.07089604e+00  -2.03486062e-01
     45.1000  -1.07097802e+00  -2.03501210e-01
     46.0000  -1.07107186e+00  -2.03518705e-01
     47.0000  -1.07120116e+00  -2.03542714e-01
     48.0000  -1.07136064e+00  -2.03572007e-01
     49.0000  -1.07155659e+00  -2.03607838e-01
     50.0000  -1.07180661e+00  -2.03654732e-01
     50.6000  +3.82159628e+00  +8.09891767e-01
     51.2000  +6.58158517e-01  +1.44826980e-01
     52.0000  -1.07220152e+00  -2.03726168e-01
     53.0000  -1.07204092e+00  -2.03696075e-01
     54.0000  -1.07263450e+00  -2.03805423e-01
     55.0000  -1.07277516e+00  -2.03829585e-01
     56.0000  -1.07326182e+00  -2.03919816e-01
     57.0000  -1.07382410e+00  -2.04022307e-01
     58.0000  -8.45872220e-01  -1.64974798e-01
     59.0000  -1.07536059e+00  -2.04304740e-01
     60.0000  -1.07629588e+00  -2.04477439e-01
     61.0000  -1.07725779e+00  -2.04654394e-01
     62.0000  -8.46334697e-01  -1.65063407e-01
     63.0000  -8.46606533e-01  -1.65114317e-01
     64.0000  -8.46947552e-01  -1.65181144e-01
     65.0000  -8.47310395e-01  -1.65250390e-01
     65.8000  -8.47624826e-01  -1.65309616e-01
     66.5000  -8.48055276e-01  -1.65392098e-01
     67.5000  -8.48583044e-01  -1.65494543e-01
     68.5000  -8.48998712e-01  -1.65573446e-01
     69.5000  -8.49630445e-01  -1.65695209e-01
     70.5000  -5.64654333e-01  -1.13878020e-01
     71.6000  -5.64649904e-01  -1.13877274e-01
     72.6000  -5.64941635e-01  -1.13934956e-01
     73.5000  -5.65259951e-01  -1.13998855e-01
     74.5000  -5.65735216e-01  -1.14094730e-01
     75.5000  -5.66183658e-01  -1.14186121e-01
     76.5000  -5.66503319e-01  -1.14248312e-01
     77.5000  -5.67117327e-01  -1.14372576e-01
     78.5000  -5.67555643e-01  -1.14460804e-01
     79.5000  +2.10977163e+00  +4.66547622e-01
     80.5000  -2.28938847e-01  -4.77541121e-02
     81.5000  -2.28883504e-01  -4.77432109e-02
     82.5000  -2.29148722e-01  -4.77977837e-02
     83.5000  -2.29542695e-01  -4.78803438e-02
     84.5000  -2.29956977e-01  -4.79671808e-02
     85.5000  -2.30431646e-01  -4.80667856e-02
     86.5000  +1.71837070e-01  +3.69546979e-02
     87.5000  +1.71187492e-01  +3.68150790e-02
     88.5000  +1.71209222e-01  +3.68202141e-02
     89.5000  +1.71008736e-01  +3.67768311e-02
     90.5000  +1.70500662e-01  +3.66684063e-02
     91.5000  +3.81114076e+00  +8.10475460e-01
     92.5000  +3.79579618e+00  +8.10957509e-01
     93.5000  +3.76736926e+00  +8.11793796e-01
     94.5000  +3.80357295e+00  +8.10411074e-01
     95.5000  -3.37822659e+00  -9.37787452e-01
     96.5000  -3.33150594e+00  -9.36567599e-01
     97.5000  +3.76095161e+00  +8.10861611e-01
     98.5000  -3.54529468e+00  -9.53384825e-01
     99.5000  -3.52091883e+00  -9.53831147e-01
    100.5000  -3.55411573e+00  -9.57141227e-01
    101.5000  -3.59186392e+00  -9.60512039e-01
    102.5000  +3.55245481e+00  +8.10814919e-01
    103.5000  -2.83621820e+00  -9.59145555e-01
    104.5000  -2.78848776e+00  -9.57639562e-01
    105.5000  -3.73637520e+00  -9.71951593e-01
    106.5000  -2.84843665e+00  -9.64826688e-01
    107.5000  -2.86573305e+00  -9.67480838e-01
    108.5000  -2.86102797e+00  -9.68619759e-01
    109.5000  -2.93721375e+00  -9.74054083e-01
    110.5000  +6.70399414e+00  +9.62830767e-01
    111.5000  +6.83912889e+00  +9.59862895e-01
    112.5000  +6.86734782e+00  +9.60793921e-01
    113.5000  +6.90430238e+00  +9.60561452e-01
    114.5000  +6.89569029e+00  +9.60193871e-01
    115.5000  +6.86539005e+00  +9.60277395e-01
    116.5000  +6.84582029e+00  +9.59622316e-01
    117.5000  +6.85013782e+00  +9.59679620e-01
    118.5000  +6.80723224e+00  +9.58868507e-01
    119.5000  +6.53137037e+00  +9.56855346e-01
    120.5000  +6.69986304e+00  +9.47670044e-01
    121.5000  -1.01980290e+00  -3.23909271e-01
    122.5000  +6.53067673e+00  +9.43473071e-01
    123.5000  +6.73237887e+00  +9.54607906e-01
    124.5000  +6.77355266e+00  +9.54953261e-01
    125.5000  +6.75649679e+00  +9.53858474e-01
    126.5000  +6.70713760e+00  +9.53145648e-01
    127.5000  +6.66972885e+00  +9.53059788e-01
    128.5000  +6.61203486e+00  +9.48904157e-01
    129.5000  +6.53698253e+00  +9.48312955e-01
    130.5000  +6.12502261e+00  +9.45340699e-01
    131.5000  +6.42225607e+00  +9.45438579e-01
    132.5000  +6.16220850e+00  +9.40944304e-01
    133.5000  +5.98551474e+00  +9.39877062e-01
    134.5000  +5.96016299e+00  +9.38822161e-01
    135.5000  +5.92098479e+00  +9.37833828e-01
    136.5000  +5.64067808e+00  +9.35062195e-01
    137.5000  +5.36804283e+00  +9.28039342e-01
    138.5000  +5.20120328e+00  +9.28836947e-01
    139.5000  +4.84261164e+00  +9.19010681e-01
    140.5000  +5.03673878e+00  +9.25645872e-01
    141.5000  +4.96840396e+00  +9.24960531e-01
    142.5000  +4.91121103e+00  +9.22299343e-01
    143.5000  +5.00495672e+00  +9.29005447e-01
    144.2000  +5.42167729e+00  +9.34262870e-01
    144.7000  +4.89996052e+00  +9.23376791e-01
    145.5000  +4.94639954e+00  +9.25446739e-01
    146.5000  +5.30351479e+00  +9.35561237e-01
    147.5000  +5.25864455e+00  +9.34111546e-01
    148.5000  +5.01149316e+00  +9.28857581e-01
    149.5000  +5.26717431e+00  +9.35110261e-01
    150.5000  +5.41857224e+00  +9.39277433e-01
    151.2000  +4.16259010e+00  +9.04578794e-01
    151.7000  +4.74229035e+00  +9.20739156e-01
    152.5000  +5.57121067e+00  +9.82410011e-01
    153.5000  +5.53449948e+00  +9.86523347e-01
    154.5000  +5.44930423e+00  +9.85782585e-01
    155.5000  +5.45517849e+00  +9.88266919e-01
    156.5000  +5.41277759e+00  +9.87884305e-01
    157.5000  +5.24474933e+00  +9.92060616e-01
    158.5000  +5.23138240e+00  +9.92114036e-01
    159.5000  +5.20655717e+00  +9.92462298e-01
    160.5000  +5.23242916e+00  +9.91973127e-01
    161.5000  +5.23827839e+00  +9.91734762e-01
    162.5000  +5.18218824e+00  +9.92076831e-01
    163.5000  +5.15186318e+00  +9.92722005e-01
    164.5000  +5.11765001e+00  +9.93303871e-01
    165.5000  +5.09784543e+00  +9.92420040e-01
    166.5000  +5.06514942e+00  +9.93748248e-01
    167.2000  +5.08794933e+00  +9.92370473e-01
    167.7000  +4.79364218e+00  +9.95807226e-01
    168.5000  +4.79251023e+00  +9.95892132e-01
    169.5000  +4.71079893e+00  +9.96546615e-01
    170.5000  +4.76158945e+00  +9.96029953e-01
    171.5000  +4.86590146e+00  +9.94395922e-01
    172.5000  +4.76956995e+00  +9.95305956e-01
    173.5000  +4.82365773e+00  +9.93961118e-01
    174.5000  +4.82979000e+00  +9.93414924e-01
    175.5000  +4.95490689e+00  +9.90324148e-01
    176.5000  +4.66237171e+00  +9.94973549e-01
    177.5000  +4.90315350e+00  +9.91311598e-01
    178.5000  +4.89892216e+00  +9.90911121e-01
    179.5000  +5.26466523e+00  +9.82597679e-01
    180.5000  +4.93986840e+00  +9.88986782e-01
    181.5000  +4.68848484e+00  +9.93922843e-01
    182.5000  +4.74008653e+00  +9.91737161e-01
    183.5000  +4.65629683e+00  +9.93655172e-01
    184.5000  +4.45399233e+00  +9.96996237e-01
    185.5000  +4.78907048e+00  +9.90941693e-01
    186.5000  +4.95302885e+00  +9.87197920e-01
    187.5000  +4.88183567e+00  +9.88384757e-01
    188.5000  +4.89473143e+00  +9.87717565e-01
    189.5000  +4.94499989e+00  +9.85787026e-01
    190.5000  +4.89372961e+00  +9.86952193e-01
    191.5000  +4.83651750e+00  +9.88209409e-01
    192.5000  +4.50051531e+00  +9.94494598e-01
    193.5000  +4.28874372e+00  +9.98008667e-01
    194.5000  +4.72839530e+00  +9.89555441e-01
    195.5000  +4.69031540e+00  +9.90116771e-01
    196.7000  +4.86515347e+00  +9.85783366e-01
    197.6000  +4.53622281e+00  +9.91978557e-01
    198.4000  +4.94521225e+00  +9.83527646e-01
    199.5000  +5.13960845e+00  +9.79202672e-01
    200.5000  +4.97986908e+00  +9.82445918e-01
    201.5000  +4.90827350e+00  +9.83893883e-01
    202.5000  +4.54644932e+00  +9.91751239e-01
    203.5000  +4.82786276e+00  +9.85408839e-01
    204.5000  +4.86334610e+00  +9.84406944e-01
    205.5000  +4.67300518e+00  +9.88041771e-01
    206.5000  +4.61786621e+00  +9.89054109e-01
    207.4000  +4.54585225e+00  +9.90759290e-01
    207.8000  +6.18141578e+00  +9.60383070e-01
    208.5000  +6.36522542e+00  +9.57387522e-01
    209.5000  +6.27112595e+00  +9.58562947e-01
    210.5000  +6.09751979e+00  +9.61196326e-01
    211.5000  +6.17525129e+00  +9.60263665e-01
    212.5000  +6.05860680e+00  +9.62388302e-01
    213.5000  +5.90203990e+00  +9.63992010e-01
    214.5000  +6.04098689e+00  +9.62285765e-01
    215.5000  +6.08622604e+00  +9.61552259e-01
    216.5000  +5.80021256e+00  +9.65410992e-01
    217.5000  +5.86314726e+00  +9.63710709e-01
    218.5000  +6.00136541e+00  +9.63645836e-01
    219.5000  +5.91065315e+00  +9.64056960e-01
    220.5000  +5.81611829e+00  +9.65517855e-01
    221.5000  +5.57640963e+00  +9.68922100e-01
    222.5000  +5.66450064e+00  +9.67888920e-01
    223.5000  +5.65610541e+00  +9.67907527e-01
    224.5000  +5.61579720e+00  +9.68249033e-01
    225.5000  +5.32855322e+00  +9.71637827e-01
    226.5000  +5.34187482e+00  +9.71612269e-01
    227.5000  +5.20899377e+00  +9.73102402e-01
    228.5000  +5.36194986e+00  +9.71097524e-01
    229.5000  +5.22794133e+00  +9.72442861e-01
    230.5000  +5.42777056e+00  +9.71312743e-01
    231.5000  +5.22729729e+00  +9.73539326e-01
    232.5000  +4.92908313e+00  +9.77298064e-01
    233.5000  +4.59462341e+00  +9.81007025e-01
    234.5000  +4.11970329e+00  +9.89812648e-01
    235.5000  +4.93312425e+00  +9.76908214e-01
    236.5000  +4.17548967e+00  +9.89075772e-01
    237.5000  +4.44550630e+00  +9.84116431e-01
    238.5000  +3.82006665e+00  +9.94342930e-01
    239.5000  +3.99252628e+00  +9.91376458e-01
    240.5000  +3.88028415e+00  +9.92430275e-01
    241.5000  +4.31620506e+00  +9.86809690e-01
    242.5000  +4.77115405e+00  +9.79008990e-01
    243.5000  +4.61035489e+00  +9.80789388e-01
    244.5000  +4.67931954e+00  +9.79417705e-01
    245.5000  +4.70488166e+00  +9.79076223e-01
    246.5000  +4.74361870e+00  +9.79725559e-01
    247.5000  +4.63970338e+00  +9.81205377e-01
    248.5000  +4.15889325e+00  +9.93251109e-01
    249.5000  +4.41090682e+00  +9.86369620e-01
    250.5000  +4.68348266e+00  +9.80487881e-01
    251.3000  +3.46863874e+00  +9.99199132e-01
    251.8000  +3.41891913e+00  +9.99860136e-01
    252.5000  +3.54071360e+00  +9.98962208e-01
    253.5000  +3.90119997e+00  +9.89640950e-01
    254.5000  +3.86816807e+00  +9.90250595e-01
    255.5000  +3.60631752e+00  +9.88321517e-01
    256.5000  +3.71771638e+00  +9.89561499e-01
    257.5000  +3.65913805e+00  +9.89243733e-01
    258.5000  +3.63733007e+00  +9.89543751e-01
    259.5000  +3.59100273e+00  +9.91062077e-01
    260.5000  +3.52636014e+00  +9.91809234e-01
    261.5000  +3.45052111e+00  +9.93368107e-01
    262.5000  +3.58326936e+00  +9.90329900e-01
    263.5000  +3.37433491e+00  +9.89699752e-01
    264.5000  +3.34052466e+00  +9.89950574e-01
    265.5000  +2.99718304e+00  +9.91986522e-01
    266.5000  +3.23241953e+00  +9.90652526e-01
    267.5000  +3.30658554e+00  +9.90592151e-01
    268.5000  +3.15563010e+00  +9.91428555e-01
    269.5000  +3.29015857e+00  +9.91175559e-01
    270.5000  +3.09286595e+00  +9.91889273e-01
    271.5000  +3.23642613e+00  +9.91569154e-01
    272.5000  +3.68490027e+00  +9.89500625e-01
    273.5000  +3.49087233e+00  +9.89991264e-01
    274.5000  +3.20625731e+00  +9.94781993e-01
    275.5000  +3.23679113e+00  +9.92654237e-01
    276.5000  +3.19633033e+00  +9.91953441e-01
    277.5000  +3.16104284e+00  +9.92249937e-01
    278.5000  +2.91199180e+00  +9.97888904e-01
    279.5000  +2.87734160e+00  +9.99953694e-01
    280.5000  +2.86652738e+00  +9.99848997e-01
    281.5000  +3.15480977e+00  +9.94120037e-01
    282.5000  +3.28621204e+00  +9.91068241e-01
    283.5000  +3.41959680e+00  +9.90524766e-01
    284.5000  +3.57115724e+00  +9.91993924e-01
    285.5000  +3.29796344e+00  +9.98499088e-01
    286.5000  +3.66612550e+00  +9.88718983e-01
    287.5000  +3.18913868e+00  +9.91823374e-01
    288.5000  +3.01411343e+00  +9.92906446e-01
    289.5000  +2.81642746e+00  +9.93900166e-01
    291.0000  +2.67245237e+00  +9.94301426e-01
    293.0000  +2.67067411e+00  +9.94699191e-01
    295.0000  +2.79255166e+00  +9.94120630e-01
    297.0000  +2.84026600e+00  +9.94038847e-01
    299.0000  +2.79586968e+00  +9.94523667e-01
    301.0000  +2.97269060e+00  +9.93682777e-01
    303.0000  +2.77996393e+00  +9.94761361e-01
    305.0000  +2.78115472e+00  +9.94754367e-01
    307.0000  +2.59024800e+00  +9.95411231e-01
    309.0000  +2.60808276e+00  +9.94996370e-01
    311.0000  +2.39900984e+00  +9.96202561e-01
    313.0000  +2.57767943e+00  +9.95209079e-01
    315.0000  +2.45598085e+00  +9.95858116e-01
    317.0000  +2.36363486e+00  +9.96223622e-01
    319.0000  +2.43239280e+00  +9.96192950e-01
    321.0000  +2.46404090e+00  +9.96041152e-01
    323.0000  +2.49589988e+00  +9.95963143e-01
    325.0000  +2.23330914e+00  +9.97225511e-01
    327.0000  +2.18908820e+00  +9.97354735e-01
    329.0000  +2.17455563e+00  +9.97361996e-01
    331.0000  +2.30576936e+00  +9.96820876e-01
    333.0000  +2.22745751e+00  +9.97253989e-01
    335.0000  +2.30025564e+00  +9.97055973e-01
    337.0000  +2.48808604e+00  +9.96424624e-01
    339.0000  +2.45407401e+00  +9.96509851e-01
    341.0000  +2.38626076e+00  +9.96855891e-01
    343.0000  +2.31250458e+00  +9.97222221e-01
    345.0000  +2.24011018e+00  +9.97737255e-01
    347.0000  +2.22214834e+00  +9.97872434e-01
    349.0000  +2.11193281e+00  +9.98252018e-01
    351.0000  +2.06546963e+00  +9.98448873e-01
    353.0000  +2.15079336e+00  +9.98505376e-01
    355.0000  +2.15527809e+00  +9.98596508e-01
    357.0000  +2.50420733e+00  +9.97658529e-01
    359.0000  +2.31171139e+00  +9.98092020e-01
    361.0000  +2.02577516e+00  +9.98829159e-01
    363.0000  +1.99297461e+00  +9.98870145e-01
    364.0000  +1.97481613e+00  +9.98777247e-01
    365.0000  +1.93153954e+00  +9.98916278e-01
    367.0000  +1.89869468e+00  +9.98955821e-01
    369.0000  +1.92445868e+00  +9.98979761e-01
    371.0000  +1.80200171e+00  +9.99612642e-01
    373.0000  +2.18956442e+00  +9.98966118e-01
    375.0000  +2.12790147e+00  +9.98922649e-01
    377.0000  +2.00285977e+00  +9.99201639e-01
    379.0000  +2.12116954e+00  +9.98565626e-01
    381.0000  +2.32742801e+00  +9.97515638e-01
    383.0000  +2.50136655e+00  +9.97720197e-01
    385.0000  +2.81291729e+00  +9.95478778e-01
    387.0000  +2.78215576e+00  +9.94627985e-01
    389.0000  +2.09134274e+00  +9.98460886e-01
    391.0000  +1.99181300e+00  +9.97961291e-01
    393.0000  +2.13582266e+00  +9.98851158e-01
    395.0000  +2.00287992e+00  +9.98209524e-01
    397.0000  +2.00612717e+00  +9.99197745e-01
    399.0000  +1.81221498e+00  +9.98669141e-01
    401.0000  +1.79184533e+00  +9.98637388e-01
    403.0000  +1.81726796e+00  +9.98513972e-01
    405.0000  +1.83380856e+00  +9.98630564e-01
    407.0000  +1.86231972e+00  +9.98592209e-01
    409.0000  +1.68093855e+00  +9.99412020e-01
    411.0000  +1.57692261e+00  +9.99882382e-01
    413.0000  +1.79775283e+00  +9.99036780e-01
    415.0000  +1.85675993e+00  +9.98955014e-01
    417.0000  +1.84491282e+00  +9.98948000e-01
    419.0000  +1.84992174e+00  +9.98796975e-01
    421.0000  +1.78749130e+00  +9.98887438e-01
    423.0000  +1.72385924e+00  +9.99018163e-01
    425.0000  +1.76269836e+00  +9.98678843e-01
    427.0000  +1.79508586e+00  +9.98554195e-01
    429.0000  +1.83375682e+00  +9.98482682e-01
    431.0000  +1.87641713e+00  +9.98451162e-01
    433.0000  +1.63431371e+00  +9.99486739e-01
    435.0000  +1.59730539e+00  +9.99700024e-01
    437.0000  +1.68153670e+00  +9.98984745e-01
    439.0000  +1.73277376e+00  +9.98782009e-01
    441.0000  +1.66823465e+00  +9.99111348e-01
    443.0000  +1.59599699e+00  +9.99432189e-01
    445.0000  +1.58111275e+00  +9.99450331e-01
    447.0000  +1.53282634e+00  +9.99552861e-01
    449.0000  +1.50363556e+00  +9.99618433e-01
    451.0000  +1.43256428e+00  +9.99730443e-01
    453.0000  +1.48415370e+00  +9.99682312e-01
    455.0000  +1.46777295e+00  +9.99708120e-01
    457.0000  +1.43755314e+00  +9.99736678e-01
    459.0000  +1.44981689e+00  +9.99715218e-01
    461.0000  +1.43200817e+00  +9.99753949e-01
    463.0000  +1.44132955e+00  +9.99772189e-01
    465.0000  +1.43158053e+00  +9.99790014e-01
    467.0000  +1.41518497e+00  +9.99803435e-01
    469.0000  +1.41483482e+00  +9.99829322e-01
    471.0000  +1.39640049e+00  +9.99866224e-01
    473.0000  +1.39797121e+00  +9.99846507e-01
    475.0000  +1.36287268e+00  +9.99869465e-01
    477.0000  +1.35055738e+00  +9.99889448e-01
    479.0000  +1.34453113e+00  +9.99909903e-01
    481.0000  +1.36018773e+00  +9.99883615e-01
    483.0000  +1.32426607e+00  +9.99942404e-01
    485.0000  +1.29359219e+00  +9.99966006e-01
    487.0000  +1.22002746e+00  +9.99792264e-01
    489.0000  +1.31638124e+00  +9.99962657e-01
    491.0000  +1.32571262e+00  +9.99945280e-01
    493.0000  +1.32243968e+00  +9.99942502e-01
    495.0000  +1.28375551e+00  +9.99963478e-01
    497.0000  +1.31682090e+00  +9.99952694e-01
    499.0000  +1.33074066e+00  +9.99953079e-01
    501.0000  +1.34817679e+00  +9.99951040e-01
    503.0000  +1.33694591e+00  +9.99947656e-01
    505.0000  +1.31973725e+00  +9.99972933e-01
    507.0000  +1.29658813e+00  +9.99978836e-01
    509.0000  +1.33477011e+00  +9.99968583e-01
    511.0000  +1.32056327e+00  +9.99971666e-01
    513.0000  +1.33167901e+00  +9.99974271e-01
    515.0000  +1.34212347e+00  +9.99971800e-01
    517.0000  +1.34444644e+00  +9.99971970e-01
    519.0000  +1.30411652e+00  +9.99982310e-01
    521.0000  +1.28504006e+00  +9.99987108e-01
    523.0000  +1.27627487e+00  +9.99986495e-01
    525.0000  +1.26183730e+00  +9.99989864e-01
    527.0000  +1.29802905e+00  +9.99982095e-01
    529.0000  +1.24066264e+00  +9.99993798e-01
    531.0000  +1.19876178e+00  +9.99993492e-01
    533.0000  +1.25542984e+00  +9.99993253e-01
    535.0000  +1.20356685e+00  +9.99993495e-01
    537.0000  +1.19490364e+00  +9.99988677e-01
    539.0000  +1.21074223e+00  +9.99987752e-01
    541.0000  +1.20956525e+00  +9.99993826e-01
    543.0000  +1.21005038e+00  +9.99991908e-01
    545.0000  +1.16503082e+00  +9.99976221e-01
    547.0000  +1.18848793e+00  +9.99982994e-01
    549.0000  +1.19087628e+00  +9.99989248e-01
    551.0000  +1.20034643e+00  +9.99992044e-01
    553.0000  +1.17238410e+00  +9.99979696e-01
    555.0000  +1.16047657e+00  +9.99977942e-01
    557.0000  +1.15843821e+00  +9.99968368e-01
    559.0000  +1.17395347e+00  +9.99980049e-01
    561.0000  +1.13636641e+00  +9.99950143e-01
    563.0000  +1.15762073e+00  +9.99966070e-01
    565.0000  +1.14869169e+00  +9.99972502e-01
    567.0000  +1.15399284e+00  +9.99974034e-01
    569.0000  +1.13329006e+00  +9.99961430e-01
    571.0000  +1.15028016e+00  +9.99964418e-01
    573.0000  +1.10043276e+00  +9.99924674e-01
    575.0000  +1.11978186e+00  +9.99941397e-01
    577.0000  +1.10597810e+00  +9.99922971e-01
    579.0000  +1.13523138e+00  +9.99957582e-01
    581.0000  +1.10038217e+00  +9.99926787e-01
    583.0000  +1.07766216e+00  +9.99892710e-01
    585.0000  +1.08910316e+00  +9.99912717e-01
    587.0000  +1.08065951e+00  +9.99892630e-01
    589.0000  +1.11051132e+00  +9.99923337e-01
    591.0000  +1.08657491e+00  +9.99897974e-01
    593.0000  +1.08026531e+00  +9.99887165e-01
    595.0000  +1.07547348e+00  +9.99883596e-01
    597.0000  +1.05705215e+00  +9.99859164e-01
    599.0000  +1.06575979e+00  +9.99851572e-01
    601.0000  +1.07456146e+00  +9.99880908e-01
    603.0000  +1.05082045e+00  +9.99858891e-01
    605.0000  +1.04351978e+00  +9.99838716e-01
    607.0000  +1.04178286e+00  +9.99833312e-01
    609.0000  +1.07155605e+00  +9.99868531e-01
    611.0000  +1.05919234e+00  +9.99860209e-01
    613.0000  +1.07248818e+00  +9.99841215e-01
    615.0000  +1.05315493e+00  +9.99837143e-01
    617.0000  +1.06992311e+00  +9.99865987e-01
    619.0000  +1.04077788e+00  +9.99832320e-01
    621.0000  +1.03803259e+00  +9.99786069e-01
    623.0000  +1.05588683e+00  +9.99833772e-01
    625.0000  +1.05959280e+00  +9.99835906e-01
    627.0000  +1.04084673e+00  +9.99801906e-01
    629.0000  +1.02996598e+00  +9.99779804e-01
    631.0000  +1.03394983e+00  +9.99773278e-01
    633.0000  +1.03006032e+00  +9.99783178e-01
    635.0000  +1.02650763e+00  +9.99769373e-01
    637.0000  +1.02795578e+00  +9.99769602e-01
    639.0000  +1.01341825e+00  +9.99742203e-01
    641.0000  +1.01388687e+00  +9.99719012e-01
    643.0000  +1.00603148e+00  +9.99726161e-01
    645.0000  +1.00397925e+00  +9.99703406e-01
    647.0000  +1.00429259e+00  +9.99701522e-01
    649.0000  +1.00651025e+00  +9.99660343e-01
    651.0000  +9.86877977e-01  +9.99588935e-01
    653.0000  +9.70271493e-01  +9.99450900e-01
    655.0000  +8.94168852e-01  +9.98453006e-01
    657.0000  +7.61081597e-01  +9.96459562e-01
    659.0000  +9.50233577e-01  +9.99238055e-01
    661.0000  +9.74645701e-01  +9.99549806e-01
    663.0000  +9.82469195e-01  +9.99622612e-01
    665.0000  +9.79293393e-01  +9.99627226e-01
    667.0000  +9.84404025e-01  +9.99634044e-01
    669.0000  +9.65313848e-01  +9.99600939e-01
    671.0000  +9.88326079e-01  +9.99683752e-01
    673.0000  +9.63659584e-01  +9.99636588e-01
    675.0000  +9.71626433e-01  +9.99648405e-01
    677.0000  +9.63153165e-01  +9.99622973e-01
    679.0000  +9.66182542e-01  +9.99634075e-01
    681.0000  +9.63036383e-01  +9.99630903e-01
    683.0000  +9.52169820e-01  +9.99618001e-01
    685.0000  +9.69026846e-01  +9.99620951e-01
    687.0000  +9.55050800e-01  +9.99590653e-01
    689.0000  +9.46540886e-01  +9.99598890e-01
    691.0000  +9.49066178e-01  +9.99590471e-01
    693.0000  +9.52190042e-01  +9.99588013e-01
    695.0000  +9.54095623e-01  +9.99572964e-01
    697.0000  +9.48129236e-01  +9.99572569e-01
    699.0000  +9.47648781e-01  +9.99548928e-01
    701.0000  +9.61732452e-01  +9.99596624e-01
    703.0000  +9.46798360e-01  +9.99558412e-01
    705.0000  +9.38855730e-01  +9.99551283e-01
    707.0000  +9.45619731e-01  +9.99558593e-01
    709.0000  +9.42301542e-01  +9.99546036e-01
    711.0000  +9.32115558e-01  +9.99461879e-01
    713.0000  +9.43986985e-01  +9.99487998e-01
    715.0000  +9.40570740e-01  +9.99497159e-01
    717.0000  +9.31512115e-01  +9.99477473e-01
    719.0000  +9.53720249e-01  +9.99568117e-01
    721.0000  +9.29446770e-01  +9.99502859e-01
    723.0000  +9.23498917e-01  +9.99508075e-01
    725.0000  +9.20030463e-01  +9.99449252e-01
    727.0000  +9.20291162e-01  +9.99450830e-01
    729.0000  +9.32458268e-01  +9.99501806e-01
    731.0000  +9.20403265e-01  +9.99458365e-01
    733.0000  +9.14784136e-01  +9.99419712e-01
    735.0000  +9.17458006e-01  +9.99441940e-01
    737.0000  +9.06534519e-01  +9.99426468e-01
    739.0000  +9.16198713e-01  +9.99445367e-01
    741.0000  +9.06618315e-01  +9.99406323e-01
    743.0000  +9.05122268e-01  +9.99402099e-01
    745.0000  +9.00210108e-01  +9.99402053e-01
    747.0000  +8.97562411e-01  +9.99378684e-01
    749.0000  +8.94048597e-01  +9.99339295e-01
    751.0000  +8.87809064e-01  +9.99354050e-01
    753.0000  +8.83421687e-01  +9.99322650e-01
    755.0000  +8.80058597e-01  +9.99348443e-01
    757.0000  +8.80689881e-01  +9.99349853e-01
    759.0000  +8.80128017e-01  +9.99326077e-01
    761.0000  +8.77616758e-01  +9.99333337e-01
    763.0000  +8.72286022e-01  +9.99309471e-01
    765.0000  +8.65082876e-01  +9.99304922e-01
    767.0000  +8.75149725e-01  +9.99294808e-01
    769.0000  +8.60031762e-01  +9.99286507e-01
    771.0000  +8.67333701e-01  +9.99297772e-01
    773.0000  +8.67734777e-01  +9.99302042e-01
    775.0000  +8.65941131e-01  +9.99296384e-01
    777.0000  +8.42110996e-01  +9.99142220e-01
    779.0000  +8.51482554e-01  +9.99238564e-01
    781.0000  +8.50479904e-01  +9.99260113e-01
    783.0000  +8.49291417e-01  +9.99216060e-01
    785.0000  +8.48777345e-01  +9.99194868e-01
    787.0000  +8.45994498e-01  +9.99211227e-01
    789.0000  +8.54802521e-01  +9.99166298e-01
    791.0000  +8.69371942e-01  +9.99208634e-01
    793.0000  +8.62712446e-01  +9.99154709e-01
    795.0000  +8.70269894e-01  +9.99170702e-01
    797.0000  +8.52461803e-01  +9.99169312e-01
    799.0000  +8.48294505e-01  +9.99144248e-01
    801.0000  +8.47575479e-01  +9.99130641e-01
    803.0000  +8.45860653e-01  +9.99159041e-01
    805.0000  +8.47769185e-01  +9.99110093e-01
    807.0000  +8.49672154e-01  +9.99145290e-01
    809.0000  +8.59650885e-01  +9.99126254e-01
    811.0000  +8.55421137e-01  +9.99067397e-01
    813.0000  +8.46343212e-01  +9.99051340e-01
    815.0000  +8.46495056e-01  +9.99078341e-01
    817.0000  +8.41066299e-01  +9.99076540e-01
    819.0000  +8.40115532e-01  +9.99058669e-01
    821.0000  +8.46517807e-01  +9.99120995e-01
    823.0000  +8.33189323e-01  +9.99029888e-01
    825.0000  +8.28900183e-01  +9.99051115e-01
    827.0000  +8.25549976e-01  +9.99047952e-01
    829.0000  +8.26819742e-01  +9.99050435e-01
    831.0000  +8.41436005e-01  +9.99047345e-01
    833.0000  +8.26385267e-01  +9.98998633e-01
    835.0000  +8.34718994e-01  +9.99061819e-01
    837.0000  +8.28039447e-01  +9.99069824e-01
    839.0000  +8.43240071e-01  +9.99106735e-01
    841.0000  +8.21345821e-01  +9.99074968e-01
    843.0000  +8.29892200e-01  +9.99079059e-01
    845.0000  +8.06878000e-01  +9.98907855e-01
    847.0000  +8.11838846e-01  +9.98992417e-01
    849.0000  +7.94658838e-01  +9.98821172e-01
    851.0000  +8.07499407e-01  +9.98911513e-01
    853.0000  +7.95167920e-01  +9.98811725e-01
    855.0000  +7.95837935e-01  +9.98790110e-01
    857.0000  +7.93652746e-01  +9.98859019e-01
    859.0000  +7.93514290e-01  +9.98835029e-01
    861.0000  +7.91162066e-01  +9.98865419e-01
    863.0000  +7.91263414e-01  +9.98886306e-01
    865.0000  +7.78811370e-01  +9.98762916e-01
    867.0000  +7.79328648e-01  +9.98693313e-01
    869.0000  +7.93256528e-01  +9.98908461e-01
    871.0000  +7.92140057e-01  +9.98990312e-01
    873.0000  +7.79683722e-01  +9.98820661e-01
    875.0000  +7.59724295e-01  +9.98548903e-01
    877.0000  +7.70232059e-01  +9.98710367e-01
    879.0000  +7.82967236e-01  +9.98934698e-01
    881.0000  +7.88841043e-01  +9.99005714e-01
    883.0000  +7.76351192e-01  +9.98871863e-01
    885.0000  +7.53831834e-01  +9.98494557e-01
    887.0000  +7.43909571e-01  +9.98341663e-01
    889.0000  +7.66620557e-01  +9.98806253e-01
    891.0000  +7.58029628e-01  +9.98841572e-01
    893.0000  +7.70107157e-01  +9.98962557e-01
    895.0000  +7.73658266e-01  +9.98993470e-01
    897.0000  +7.68437071e-01  +9.98910250e-01
    899.0000  +7.61778934e-01  +9.98798101e-01
    901.0000  +7.35294486e-01  +9.98202304e-01
    903.0000  +7.38755579e-01  +9.98318200e-01
    905.0000  +7.45439283e-01  +9.98791510e-01
    907.0000  +7.41078818e-01  +9.98813884e-01
    909.0000  +7.45264242e-01  +9.98773299e-01
    911.0000  +7.57050578e-01  +9.98914685e-01
    913.0000  +7.46606049e-01  +9.98837804e-01
    915.0000  +7.51892064e-01  +9.98938155e-01
    917.0000  +7.48414331e-01  +9.98895112e-01
    919.0000  +7.36771467e-01  +9.98729885e-01
    921.0000  +7.35279927e-01  +9.98605401e-01
    923.0000  +6.65218479e-01  +9.97130773e-01
    925.0000  +7.25712217e-01  +9.98454891e-01
    927.0000  +7.31294866e-01  +9.98700183e-01
    929.0000  +7.41371539e-01  +9.98796374e-01
    931.0000  +7.33274017e-01  +9.98814488e-01
    933.0000  +7.33727916e-01  +9.98873691e-01
    935.0000  +7.30375786e-01  +9.98835802e-01
    937.0000  +7.43328632e-01  +9.98827239e-01
    939.0000  +7.30616593e-01  +9.98773582e-01
    941.0000  +7.24266620e-01  +9.98721694e-01
    943.0000  +7.22161156e-01  +9.98762383e-01
    945.0000  +7.36213390e-01  +9.98840416e-01
    947.0000  +7.21903683e-01  +9.98732697e-01
    949.0000  +7.18984991e-01  +9.98719411e-01
    951.0000  +7.17467568e-01  +9.98645292e-01
    953.0000  +7.04708183e-01  +9.98290363e-01
    955.0000  +6.36237537e-01  +9.96358388e-01
    957.0000  +7.14461907e-01  +9.98375588e-01
    959.0000  +7.09625131e-01  +9.98606347e-01
    961.0000  +7.14492120e-01  +9.98683540e-01
    963.0000  +7.08762510e-01  +9.98657013e-01
    965.0000  +7.24023817e-01  +9.98746606e-01
    967.0000  +7.14835060e-01  +9.98676912e-01
    969.0000  +7.06375810e-01  +9.98649835e-01
    971.0000  +7.16148302e-01  +9.98796136e-01
    973.0000  +7.15803135e-01  +9.98768633e-01
    975.0000  +7.08819492e-01  +9.98628646e-01
    977.0000  +7.11911140e-01  +9.98727760e-01
    979.0000  +7.21971257e-01  +9.98773083e-01
    981.0000  +6.98678195e-01  +9.98703585e-01
    983.0000  +7.00575554e-01  +9.98599916e-01
    985.0000  +6.95192390e-01  +9.98602364e-01
    987.0000  +6.97389406e-01  +9.98574985e-01
    989.0000  +6.91842583e-01  +9.98586642e-01
    991.0000  +6.92098854e-01  +9.98635320e-01
    993.0000  +6.89365758e-01  +9.98560868e-01
    995.0000  +6.87573747e-01  +9.98533852e-01
    997.0000  +6.85735290e-01  +9.98530940e-01
    999.0000  +6.86741470e-01  +9.98550732e-01
   1002.5000  +6.65290091e-01  +9.97893063e-01
   1007.5000  +6.47562859e-01  +9.97547455e-01
   1012.5000  +6.76262045e-01  +9.98370321e-01
   1017.5000  +6.79445310e-01  +9.98508769e-01
   1022.5000  +6.76136371e-01  +9.98519866e-01
   1027.5000  +6.68129251e-01  +9.98435466e-01
   1032.5000  +6.71472636e-01  +9.98472804e-01
   1037.5000  +6.70518219e-01  +9.98462109e-01
   1042.5000  +6.60343124e-01  +9.98398366e-01
   1047.5000  +6.54486539e-01  +9.98339561e-01
   1052.5000  +6.49837712e-01  +9.98374770e-01
   1057.5000  +6.49392576e-01  +9.98233650e-01
   1062.5000  +6.43649593e-01  +9.98305001e-01
   1067.5000  +6.34013373e-01  +9.98117349e-01
   1072.5000  +6.38883912e-01  +9.98222816e-01
   1077.5000  +6.38594742e-01  +9.98296342e-01
   1082.5000  +6.39280694e-01  +9.98230864e-01
   1087.5000  +6.33550319e-01  +9.98128591e-01
   1092.5000  +5.71980789e-01  +9.96237584e-01
   1097.5000  +6.15546561e-01  +9.97638489e-01
   1102.5000  +6.22507165e-01  +9.98055570e-01
   1107.5000  +6.20717106e-01  +9.98039773e-01
   1112.5000  +6.17816836e-01  +9.98084755e-01
   1117.5000  +6.17184026e-01  +9.98074615e-01
   1122.5000  +6.12822131e-01  +9.98001703e-01
   1127.5000  +6.07229062e-01  +9.97951311e-01
   1132.5000  +6.03184024e-01  +9.97866009e-01
   1137.5000  +6.07786874e-01  +9.97973839e-01
   1142.5000  +6.04883620e-01  +9.97956531e-01
   1147.5000  +5.95366095e-01  +9.98020188e-01
   1152.5000  +5.93248849e-01  +9.97824481e-01
   1157.5000  +5.95406823e-01  +9.97857269e-01
   1162.5000  +5.89355122e-01  +9.97801530e-01
   1167.5000  +5.81258847e-01  +9.97672744e-01
   1172.5000  +5.78788562e-01  +9.97832981e-01
   1177.5000  +5.70949541e-01  +9.97573036e-01
   1182.5000  +5.73647720e-01  +9.97662239e-01
   1187.5000  +5.73505718e-01  +9.97618846e-01
   1192.5000  +5.66755591e-01  +9.97713849e-01
   1197.5000  +5.69499979e-01  +9.97580818e-01
   1202.5000  +5.59850930e-01  +9.97448038e-01
   1207.5000  +5.60305166e-01  +9.97460430e-01
   1212.5000  +5.56504315e-01  +9.97500724e-01
   1217.5000  +5.51370208e-01  +9.97407645e-01
   1222.5000  +5.50343594e-01  +9.97400678e-01
   1227.5000  +5.44743508e-01  +9.97314871e-01
   1232.5000  +5.43305540e-01  +9.97397126e-01
   1237.5000  +5.41459560e-01  +9.97356257e-01
   1242.5000  +5.39859408e-01  +9.97228958e-01
   1247.5000  +5.34813865e-01  +9.97273086e-01
   1252.5000  +5.35416469e-01  +9.97203960e-01
   1257.5000  +5.26349329e-01  +9.97169127e-01
   1262.5000  +5.24836060e-01  +9.97188256e-01
   1267.5000  +5.26164304e-01  +9.97138040e-01
   1272.5000  +5.19093960e-01  +9.96917510e-01
   1277.5000  +5.03450751e-01  +9.96241743e-01
   1282.5000  +4.43910543e-01  +9.92904163e-01
   1287.5000  +5.07152887e-01  +9.96394979e-01
   1292.5000  +5.14155683e-01  +9.96813880e-01
   1297.5000  +5.03955874e-01  +9.96796844e-01
   1302.5000  +5.06948069e-01  +9.96824422e-01
   1307.5000  +4.98815346e-01  +9.96913854e-01
   1312.5000  +4.98844675e-01  +9.96761968e-01
   1317.5000  +4.93715112e-01  +9.96696033e-01
   1322.5000  +4.92276741e-01  +9.96591275e-01
   1327.5000  +4.96485951e-01  +9.96759637e-01
   1332.5000  +4.86990830e-01  +9.96616947e-01
   1337.5000  +4.85572855e-01  +9.96646923e-01
   1342.5000  +4.75069508e-01  +9.96627689e-01
   1347.5000  +4.74576434e-01  +9.96518106e-01
   1352.5000  +4.68652703e-01  +9.96387127e-01
   1357.5000  +4.74876425e-01  +9.96437069e-01
   1362.5000  +4.74148160e-01  +9.96753287e-01
   1367.5000  +4.66241586e-01  +9.96418566e-01
   1372.5000  +4.53931341e-01  +9.96400244e-01
   1377.5000  +4.55555760e-01  +9.96349981e-01
   1382.5000  +4.51184213e-01  +9.96104986e-01
   1387.5000  +4.54532133e-01  +9.96356986e-01
   1392.5000  +4.43488007e-01  +9.96031950e-01
   1397.5000  +4.39231141e-01  +9.95998210e-01
   1402.5000  +4.46080707e-01  +9.96163403e-01
   1407.5000  +4.35661281e-01  +9.95917332e-01
   1412.5000  +4.36136756e-01  +9.95926282e-01
   1417.5000  +4.27560486e-01  +9.95815080e-01
   1422.5000  +4.29237788e-01  +9.95995759e-01
   1427.5000  +4.33072555e-01  +9.96209095e-01
   1432.5000  +4.22185083e-01  +9.95802995e-01
   1437.5000  +4.14462598e-01  +9.95566551e-01
   1442.5000  +4.14352346e-01  +9.95810765e-01
   1447.5000  +4.09618091e-01  +9.95706212e-01
   1452.5000  +4.06539267e-01  +9.95770278e-01
   1457.0000  +4.03923120e-01  +9.95778172e-01
   1462.0000  +3.99225903e-01  +9.95539441e-01
   1467.5000  +3.97637342e-01  +9.95536632e-01
   1472.5000  +4.00426978e-01  +9.95663838e-01
   1477.5000  +3.92745352e-01  +9.95574158e-01
   1482.5000  +3.89826957e-01  +9.95505727e-01
   1487.5000  +3.87327606e-01  +9.95574100e-01
   1492.5000  +3.79851064e-01  +9.95366464e-01
   1497.5000  +3.82243089e-01  +9.95537192e-01
   1502.5000  +3.73918984e-01  +9.95463682e-01
   1507.5000  +3.80295704e-01  +9.95628326e-01
   1512.5000  +3.74229607e-01  +9.95566430e-01
   1517.5000  +3.69099223e-01  +9.95577058e-01
   1522.5000  +3.65246241e-01  +9.95507828e-01
   1527.5000  +3.58278674e-01  +9.95437464e-01
   1532.5000  +3.58840197e-01  +9.95494531e-01
   1537.5000  +3.50432294e-01  +9.95409454e-01
   1542.5000  +3.48084266e-01  +9.95537254e-01
   1547.5000  +3.45118041e-01  +9.95251743e-01
   1552.5000  +3.48455632e-01  +9.95327650e-01
   1557.5000  +3.52892288e-01  +9.95625385e-01
   1562.5000  +3.29944821e-01  +9.94609296e-01
   1567.5000  +3.45758625e-01  +9.95521336e-01
   1572.5000  +3.32884823e-01  +9.95595272e-01
   1577.5000  +3.39249292e-01  +9.94986959e-01
   1582.5000  +3.30123321e-01  +9.94947658e-01
   1587.5000  +3.48701482e-01  +9.96252769e-01
   1592.5000  +3.33795247e-01  +9.95265842e-01
   1597.5000  +3.21940453e-01  +9.95049824e-01
   1605.0000  +3.13415183e-01  +9.94938973e-01
   1615.0000  +3.16101566e-01  +9.95715678e-01
   1625.0000  +3.11008394e-01  +9.95270291e-01
   1635.0000  +2.98240949e-01  +9.94929802e-01
   1645.0000  +3.01485372e-01  +9.95610608e-01
   1655.0000  +3.02496856e-01  +9.95177422e-01
   1665.0000  +2.99806692e-01  +9.94965947e-01
   1675.0000  +2.88782467e-01  +9.94506237e-01
   1685.0000  +2.90425077e-01  +9.94905620e-01
   1695.0000  +2.92891431e-01  +9.94919345e-01
   1705.0000  +3.02294071e-01  +9.95479096e-01
   1715.0000  +2.95356839e-01  +9.95287075e-01
   1725.0000  +2.98106713e-01  +9.94998178e-01
   1735.0000  +2.75369548e-01  +9.94281642e-01
   1745.0000  +2.87857033e-01  +9.94570677e-01
   1755.0000  +2.95813317e-01  +9.95031329e-01
   1765.0000  +2.93523457e-01  +9.95122933e-01
   1775.0000  +2.98286465e-01  +9.95152393e-01
   1785.0000  +2.93054581e-01  +9.95063607e-01
   1795.0000  +2.95155827e-01  +9.95007745e-01
   1805.0000  +2.92938117e-01  +9.94631206e-01
   1815.0000  +2.62435185e-01  +9.93453230e-01
   1825.0000  +2.82852625e-01  +9.94055350e-01
   1835.0000  +2.94431257e-01  +9.94571978e-01
   1845.0000  +2.98772876e-01  +9.95110392e-01
   1855.0000  +2.93816049e-01  +9.95104073e-01
   1865.0000  +2.96139612e-01  +9.94782283e-01
   1875.0000  +2.41767118e-01  +9.90856856e-01
   1885.0000  +2.84601485e-01  +9.94003934e-01
   1895.0000  +3.04040650e-01  +9.95224919e-01
   1905.0000  +2.91420334e-01  +9.94920327e-01
   1915.0000  +2.92850255e-01  +9.95027157e-01
   1925.0000  +2.91945584e-01  +9.95037951e-01
   1935.0000  +2.93594060e-01  +9.94565046e-01
   1945.0000  +2.52401023e-01  +9.91860155e-01
   1955.0000  +2.84694535e-01  +9.94058516e-01
   1965.0000  +2.93441273e-01  +9.95080666e-01
   1975.0000  +2.93208523e-01  +9.95559577e-01
   1985.0000  +2.93749404e-01  +9.94972034e-01
   1995.0000  +2.91531867e-01  +9.95458383e-01
   2005.0000  +2.86783603e-01  +9.94920159e-01
   2015.0000  +2.83945467e-01  +9.94758461e-01
   2025.0000  +2.92680890e-01  +9.95150708e-01
   2035.0000  +2.91110563e-01  +9.95350163e-01
   2045.0000  +2.84640203e-01  +9.94914353e-01
   2055.0000  +2.85751327e-01  +9.94732466e-01
   2065.0000  +2.86635387e-01  +9.94977451e-01
   2075.0000  +2.85641918e-01  +9.95314087e-01
   2085.0000  +2.86605225e-01  +9.94882953e-01
   2095.0000  +2.90650653e-01  +9.95094305e-01
   2105.0000  +2.83628889e-01  +9.94939891e-01
   2115.0000  +2.83697439e-01  +9.94789126e-01
   2125.0000  +2.84618395e-01  +9.95048544e-01
   2135.0000  +2.81041828e-01  +9.94991266e-01
   2145.0000  +2.81784922e-01  +9.94798099e-01
   2155.0000  +2.76942694e-01  +9.94353809e-01
   2165.0000  +2.36640866e-01  +9.91304889e-01
   2175.0000  +2.77657650e-01  +9.94014234e-01
   2185.0000  +2.80029863e-01  +9.94617196e-01
   2195.0000  +2.82234647e-01  +9.94885832e-01
   2205.0000  +2.83284637e-01  +9.95127755e-01
   2215.0000  +2.78743131e-01  +9.94845874e-01
   2225.0000  +2.85570476e-01  +9.94980651e-01
   2235.0000  +2.85588700e-01  +9.94949576e-01
   2245.0000  +2.80965634e-01  +9.95086773e-01
   2255.0000  +2.80207994e-01  +9.95047052e-01
   2265.0000  +2.84253529e-01  +9.94914913e-01
   2275.0000  +2.79410245e-01  +9.95100214e-01
   2285.0000  +2.83754644e-01  +9.94971472e-01
   2295.0000  +3.50031387e-01  +9.93725688e-01
   2305.0000  +3.14083476e-01  +9.94071728e-01
   2315.0000  +3.04263521e-01  +9.94258837e-01
   2325.0000  +3.91431945e-01  +9.94406056e-01
   2335.0000  +3.31146005e-01  +9.94358620e-01
   2345.0000  +3.12395656e-01  +9.94464713e-01
   2355.0000  +4.04684454e-01  +9.94471440e-01
   2365.0000  +3.38419992e-01  +9.94344779e-01
   2375.0000  +3.15650330e-01  +9.94069652e-01
   2385.0000  +4.00471548e-01  +9.93958235e-01
   2395.0000  +3.45198507e-01  +9.94019210e-01
   2405.0000  +3.23196875e-01  +9.93952832e-01
   2415.0000  +3.86379070e-01  +9.93769873e-01
   2425.0000  +3.46647381e-01  +9.93619043e-01
   2435.0000  +3.29694162e-01  +9.94344623e-01
   2445.0000  +3.65364089e-01  +9.93614813e-01
   2455.0000  +3.54426323e-01  +9.93793162e-01
   2465.0000  +3.25713147e-01  +9.93839632e-01
   2475.0000  +3.41227234e-01  +9.93742475e-01
   2485.0000  +3.52378886e-01  +9.93197113e-01
   2495.0000  +3.33830832e-01  +9.94000409e-01
   2505.0000  +3.15469712e-01  +9.93919435e-01
   2515.0000  +3.52204288e-01  +9.93425527e-01
   2525.0000  +3.24105242e-01  +9.93983047e-01
   2535.0000  +3.15199499e-01  +9.93964599e-01
   2545.0000  +3.26627126e-01  +9.93803414e-01
   2555.0000  +3.20561457e-01  +9.93817092e-01
   2565.0000  +3.14858774e-01  +9.94363081e-01
   2575.0000  +3.06342121e-01  +9.93546805e-01
   2585.0000  +3.25913955e-01  +9.93828178e-01
   2595.0000  +3.12277071e-01  +9.93987810e-01
   2605.0000  +3.02041299e-01  +9.93545937e-01
   2615.0000  +3.02313091e-01  +9.93549305e-01
   2625.0000  +2.51152740e-01  +9.89193543e-01
   2635.0000  +2.96905373e-01  +9.93261128e-01
   2645.0000  +2.98915407e-01  +9.94245066e-01
   2655.0000  +3.01531638e-01  +9.94212891e-01
   2665.0000  +3.03383034e-01  +9.94469848e-01
   2675.0000  +2.90471777e-01  +9.94504848e-01
   2685.0000  +2.89530084e-01  +9.94081593e-01
   2695.0000  +2.96509384e-01  +9.94093011e-01
   2705.0000  +2.92307130e-01  +9.94910120e-01
   2715.0000  +2.90062568e-01  +9.94187505e-01
   2725.0000  +2.87318937e-01  +9.94633798e-01
   2735.0000  +2.90119910e-01  +9.94702803e-01
   2745.0000  +2.84668592e-01  +9.94471208e-01
   2755.0000  +2.79798614e-01  +9.95189340e-01
   2765.0000  +2.79765946e-01  +9.94330267e-01
   2775.0000  +2.86274172e-01  +9.94578990e-01
   2785.0000  +2.84252358e-01  +9.94979888e-01
   2795.0000  +2.81420524e-01  +9.95141023e-01
   2805.0000  +2.81737868e-01  +9.94459672e-01
   2815.0000  +2.81235749e-01  +9.95078898e-01
   2825.0000  +2.80566053e-01  +9.94789533e-01
   2835.0000  +2.77489453e-01  +9.95149032e-01
   2845.0000  +2.78883783e-01  +9.95139725e-01
   2855.0000  +2.77824974e-01  +9.95044833e-01
   2865.0000  +2.71680599e-01  +9.94134250e-01
   2875.0000  +2.69371402e-01  +9.95211102e-01
   2885.0000  +2.73789623e-01  +9.94643689e-01
   2895.0000  +2.76623399e-01  +9.95359566e-01
   2905.0000  +2.75144693e-01  +9.95127139e-01
   2915.0000  +2.73546356e-01  +9.95074788e-01
   2925.0000  +2.79122584e-01  +9.95633213e-01
   2935.0000  +2.77049006e-01  +9.94974530e-01
   2945.0000  +2.78655740e-01  +9.95574469e-01
   2955.0000  +2.75738383e-01  +9.95453496e-01
   2965.0000  +2.71945194e-01  +9.95342051e-01
   2975.0000  +2.73387493e-01  +9.95600381e-01
   2985.0000  +2.75335490e-01  +9.95012668e-01
   2995.0000  +2.75105407e-01  +9.95643453e-01
   3005.0000  +2.72855092e-01  +9.95311546e-01
   3015.0000  +2.72188566e-01  +9.95014682e-01
   3025.0000  +2.72066985e-01  +9.95037970e-01
   3035.0000  +2.63111575e-01  +9.94514161e-01
   3045.0000  +2.61932829e-01  +9.94548778e-01
   3055.0000  +2.73019153e-01  +9.95035408e-01
   3065.0000  +2.72894373e-01  +9.95653009e-01
   3075.0000  +2.70129110e-01  +9.95378118e-01
   3085.0000  +2.73998131e-01  +9.95175507e-01
   3095.0000  +2.73570676e-01  +9.95027888e-01
   3105.0000  +2.70576871e-01  +9.95528210e-01
   3115.0000  +2.72630959e-01  +9.94944957e-01
   3125.0000  +2.71756104e-01  +9.95307321e-01
   3135.0000  +2.69080065e-01  +9.95653693e-01
   3145.0000  +2.70143002e-01  +9.95259226e-01
   3155.0000  +2.70770194e-01  +9.94950594e-01
   3165.0000  +2.73666984e-01  +9.95430138e-01
   3175.0000  +2.70873767e-01  +9.95351917e-01
   3185.0000  +2.72426579e-01  +9.95302739e-01
   3195.0000  +2.69394157e-01  +9.95025055e-01
   3210.0000  +2.69773565e-01  +9.95775253e-01
   3230.0000  +2.72112986e-01  +9.95140574e-01
   3250.0000  +2.71551057e-01  +9.95348114e-01
   3270.0000  +2.71162097e-01  +9.95497204e-01
   3290.0000  +2.56444682e-01  +9.94456627e-01
   3310.0000  +2.67128255e-01  +9.95023026e-01
   3330.0000  +2.71181513e-01  +9.95365891e-01
   3350.0000  +2.68811823e-01  +9.95881036e-01
   3370.0000  +2.70352001e-01  +9.95548157e-01
   3390.0000  +2.69742269e-01  +9.95881810e-01
   3410.0000  +2.71953337e-01  +9.95598643e-01
   3430.0000  +2.70620214e-01  +9.95580188e-01
   3450.0000  +2.69701737e-01  +9.95508884e-01
   3470.0000  +2.70188771e-01  +9.95556244e-01
   3490.0000  +2.69693165e-01  +9.95586448e-01
   3510.0000  +2.68466193e-01  +9.95558311e-01
   3530.0000  +2.70208320e-01  +9.95596348e-01
   3550.0000  +2.68484311e-01  +9.95588616e-01
   3570.0000  +2.68834215e-01  +9.95662098e-01
   3590.0000  +2.69206232e-01  +9.95676226e-01
   3610.0000  +2.67265406e-01  +9.95599029e-01
   3630.0000  +2.65951378e-01  +9.95948443e-01
   3650.0000  +2.68846006e-01  +9.95660701e-01
   3670.0000  +2.68957633e-01  +9.95666363e-01
   3690.0000  +2.71417429e-01  +9.95726643e-01
   3710.0000  +2.72083517e-01  +9.95939927e-01
   3730.0000  +2.60349311e-01  +9.94755789e-01
   3750.0000  +2.60464682e-01  +9.94893772e-01
   3770.0000  +2.68628638e-01  +9.95654695e-01
   3790.0000  +2.69850732e-01  +9.95713474e-01
   3810.0000  +2.67706529e-01  +9.95750211e-01
   3830.0000  +2.66518159e-01  +9.95763215e-01
   3850.0000  +2.66271769e-01  +9.95707450e-01
   3870.0000  +2.67841383e-01  +9.95724822e-01
   3890.0000  +2.66415816e-01  +9.95742267e-01
   3910.0000  +2.65142143e-01  +9.95806006e-01
   3930.0000  +2.65339183e-01  +9.95697997e-01
   3950.0000  +2.68403698e-01  +9.95738813e-01
   3970.0000  +2.67293653e-01  +9.95765497e-01
   3990.0000  +2.68544028e-01  +9.96032829e-01
   4010.0000  +2.66275057e-01  +9.95584989e-01
   4030.0000  +2.64525730e-01  +9.95612812e-01
   4050.0000  +2.44704944e-01  +9.93944085e-01
   4070.0000  +2.66109166e-01  +9.95479571e-01
   4090.0000  +2.65645312e-01  +9.95795214e-01
   4110.0000  +2.63596906e-01  +9.96074819e-01
   4130.0000  +2.64306754e-01  +9.95786148e-01
   4150.0000  +2.64313946e-01  +9.95742349e-01
   4170.0000  +2.62898530e-01  +9.95697408e-01
   4190.0000  +2.64314150e-01  +9.95712399e-01
   4210.0000  +2.66458851e-01  +9.95748734e-01
   4230.0000  +2.63880102e-01  +9.95707171e-01
   4250.0000  +2.65731755e-01  +9.95770114e-01
   4270.0000  +2.63754843e-01  +9.95808913e-01
   4290.0000  +3.11273882e-01  +9.96949874e-01
   4310.0000  +3.38798764e-01  +9.96644665e-01
   4330.0000  +3.08556791e-01  +9.96216383e-01
   4350.0000  +3.57769161e-01  +9.97228707e-01
   4370.0000  +3.53100331e-01  +9.96608011e-01
   4390.0000  +3.46552161e-01  +9.96207800e-01
   4410.0000  +4.03644573e-01  +9.97543975e-01
   4430.0000  +3.83958934e-01  +9.97012212e-01
   4450.0000  +3.80340483e-01  +9.97023178e-01
   4470.0000  +4.26195419e-01  +9.97619365e-01
   4490.0000  +3.91010919e-01  +9.97114380e-01
   4510.0000  +4.01198782e-01  +9.97254390e-01
   4530.0000  +4.35787059e-01  +9.97687203e-01
   4550.0000  +4.04026768e-01  +9.97222282e-01
   4570.0000  +3.96202708e-01  +9.97108896e-01
   4590.0000  +4.39413709e-01  +9.97699822e-01
   4610.0000  +4.02735979e-01  +9.97292882e-01
   4630.0000  +4.03519967e-01  +9.97120214e-01
   4650.0000  +3.87042196e-01  +9.96100872e-01
   4670.0000  +3.89636836e-01  +9.96725086e-01
   4690.0000  +3.88999497e-01  +9.96986406e-01
   4710.0000  +4.06358825e-01  +9.97153030e-01
   4730.0000  +3.81045742e-01  +9.96876636e-01
   4750.0000  +3.86109043e-01  +9.97071571e-01
   4770.0000  +3.87879213e-01  +9.97137032e-01
   4790.0000  +3.85894204e-01  +9.97059539e-01
   4810.0000  +3.92976283e-01  +9.97217565e-01
   4830.0000  +3.65154453e-01  +9.97032096e-01
   4850.0000  +3.69932809e-01  +9.96829582e-01
   4870.0000  +3.79429938e-01  +9.97014893e-01
   4890.0000  +3.70952962e-01  +9.97007742e-01
   4910.0000  +3.74506860e-01  +9.96969292e-01
   4930.0000  +3.72936299e-01  +9.96955459e-01
   4950.0000  +3.75366305e-01  +9.97023658e-01
   4970.0000  +3.65787298e-01  +9.97206698e-01
   4990.0000  +3.73707269e-01  +9.97124940e-01
   5010.0000  +3.59850879e-01  +9.96996646e-01
   5030.0000  +3.60380147e-01  +9.96929242e-01
   5050.0000  +3.66317642e-01  +9.97046379e-01
   5070.0000  +3.61383344e-01  +9.96832445e-01
   5090.0000  +3.58036527e-01  +9.96699367e-01
   5110.0000  +3.63306185e-01  +9.96797047e-01
   5130.0000  +3.44038418e-01  +9.95892527e-01
   5150.0000  +3.56466467e-01  +9.96637274e-01
   5170.0000  +3.44019944e-01  +9.96677647e-01
   5190.0000  +3.49280277e-01  +9.96642289e-01
   5210.0000  +3.46263298e-01  +9.96633478e-01
   5230.0000  +3.49841069e-01  +9.96568286e-01
   5250.0000  +3.37262212e-01  +9.96386332e-01
   5270.0000  +3.30049905e-01  +9.96464670e-01
   5290.0000  +3.42910560e-01  +9.96518536e-01
   5310.0000  +3.41258758e-01  +9.96436261e-01
   5330.0000  +3.33037987e-01  +9.96466868e-01
   5350.0000  +3.32293338e-01  +9.96357856e-01
   5370.0000  +3.28867798e-01  +9.96368552e-01
   5390.0000  +3.26120815e-01  +9.96346254e-01
   5410.0000  +3.25993088e-01  +9.96391732e-01
   5430.0000  +3.31760619e-01  +9.96475304e-01
   5450.0000  +3.21778576e-01  +9.96206532e-01
   5470.0000  +3.21174219e-01  +9.96239035e-01
   5490.0000  +3.20247952e-01  +9.96298036e-01
   5510.0000  +3.21728415e-01  +9.96173119e-01
   5530.0000  +3.03905392e-01  +9.96194642e-01
   5550.0000  +3.22138320e-01  +9.96520838e-01
   5570.0000  +3.05482198e-01  +9.96116878e-01
   5590.0000  +3.09785907e-01  +9.96306229e-01
   5610.0000  +3.07784937e-01  +9.96508623e-01
   5630.0000  +3.13161204e-01  +9.96333680e-01
   5650.0000  +3.02469320e-01  +9.96376151e-01
   5670.0000  +3.02621435e-01  +9.96102732e-01
   5690.0000  +3.09395951e-01  +9.96304592e-01
   5710.0000  +2.97452963e-01  +9.95942016e-01
   5730.0000  +2.98042947e-01  +9.96290765e-01
   5750.0000  +2.94252132e-01  +9.96222736e-01
   5770.0000  +3.00516344e-01  +9.96073969e-01
   5790.0000  +2.88222344e-01  +9.96278450e-01
   5810.0000  +2.96258762e-01  +9.96283762e-01
   5830.0000  +2.92701755e-01  +9.96227550e-01
   5850.0000  +2.89560389e-01  +9.96015657e-01
   5870.0000  +2.94441232e-01  +9.96125203e-01
   5890.0000  +2.88912366e-01  +9.95838616e-01
   5910.0000  +2.77258781e-01  +9.94937903e-01
   5930.0000  +2.86615947e-01  +9.96060256e-01
   5950.0000  +2.87668584e-01  +9.96036543e-01
   5970.0000  +2.82469872e-01  +9.95802373e-01
   5990.0000  +2.81388435e-01  +9.95793015e-01
   6010.0000  +2.80066323e-01  +9.95886881e-01
   6030.0000  +2.79665277e-01  +9.95850437e-01
   6050.0000  +2.82322734e-01  +9.95767716e-01
   6070.0000  +2.81093366e-01  +9.95862350e-01
   6090.0000  +2.79050932e-01  +9.95642459e-01
   6110.0000  +2.80496693e-01  +9.95866518e-01
   6130.0000  +2.78894730e-01  +9.95410974e-01
   6150.0000  +2.75332995e-01  +9.95858299e-01
   6170.0000  +2.72458224e-01  +9.95745919e-01
   6190.0000  +2.70245911e-01  +9.95662185e-01
   6210.0000  +2.68169743e-01  +9.95443229e-01
   6230.0000  +2.69835995e-01  +9.95213131e-01
   6250.0000  +2.72420138e-01  +9.95629138e-01
   6270.0000  +2.70734655e-01  +9.95734800e-01
   6290.0000  +2.68381223e-01  +9.95508299e-01
   6310.0000  +2.68913196e-01  +9.95287763e-01
   6330.0000  +2.65280674e-01  +9.95096960e-01
   6350.0000  +2.65979279e-01  +9.95632248e-01
   6370.0000  +2.61704690e-01  +9.95027419e-01
   6390.0000  +2.64080644e-01  +9.95039698e-01
   6420.0000  +2.63285384e-01  +9.95150160e-01
   6460.0000  +2.62284365e-01  +9.95130043e-01
   6500.0000  +2.58780112e-01  +9.95532790e-01
   6540.0000  +2.60019760e-01  +9.95172243e-01
   6580.0000  +2.55215588e-01  +9.95613560e-01
   6620.0000  +2.57710587e-01  +9.95047492e-01
   6660.0000  +2.54215019e-01  +9.95624319e-01
   6700.0000  +2.52367683e-01  +9.95408651e-01
   6740.0000  +2.55783686e-01  +9.95282358e-01
   6780.0000  +2.52555758e-01  +9.95654618e-01
   6820.0000  +2.53787199e-01  +9.95093395e-01
   6860.0000  +2.50736751e-01  +9.95655501e-01
   6900.0000  +2.51111967e-01  +9.95529516e-01
   6940.0000  +2.52459313e-01  +9.94931905e-01
   6980.0000  +2.51935290e-01  +9.94937739e-01
   7020.0000  +2.53272839e-01  +9.95188518e-01
   7060.0000  +2.51983921e-01  +9.95187240e-01
   7100.0000  +2.51316001e-01  +9.94804026e-01
   7140.0000  +2.48302583e-01  +9.95508376e-01
   7180.0000  +2.48037313e-01  +9.95705012e-01
   7220.0000  +2.46981244e-01  +9.95517972e-01
   7260.0000  +2.50085990e-01  +9.95026593e-01
   7300.0000  +2.50462107e-01  +9.94743165e-01
   7340.0000  +2.48710588e-01  +9.95557876e-01
   7380.0000  +2.50105366e-01  +9.94985049e-01
   7420.0000  +2.50273167e-01  +9.94899164e-01
   7460.0000  +2.41754531e-01  +9.94414902e-01
   7500.0000  +2.43803724e-01  +9.94510050e-01
   7540.0000  +2.49159290e-01  +9.95079010e-01
   7580.0000  +2.48411652e-01  +9.94866498e-01
   7620.0000  +2.47309562e-01  +9.95441066e-01
   7660.0000  +2.46557872e-01  +9.95310389e-01
   7700.0000  +2.48591750e-01  +9.94816419e-01
   7740.0000  +2.48912876e-01  +9.95070279e-01
   7780.0000  +2.48408873e-01  +9.95069933e-01
   7820.0000  +2.46064603e-01  +9.95411127e-01
   7860.0000  +2.47602881e-01  +9.94840202e-01
   7900.0000  +2.47804690e-01  +9.94672302e-01
   7940.0000  +2.48699820e-01  +9.95185616e-01
   7980.0000  +2.48603741e-01  +9.95230568e-01
   8020.0000  +2.47839309e-01  +9.94878115e-01
   8060.0000  +2.48743869e-01  +9.95121647e-01
   8100.0000  +2.48603484e-01  +9.95017785e-01
   8140.0000  +2.48491017e-01  +9.95136896e-01
   8180.0000  +2.47142576e-01  +9.94864898e-01
   8220.0000  +2.48075194e-01  +9.95036409e-01
   8260.0000  +2.47729427e-01  +9.95126046e-01
   8300.0000  +2.47554579e-01  +9.95183765e-01
   8340.0000  +2.47250312e-01  +9.95022483e-01
   8380.0000  +2.46924337e-01  +9.94943648e-01
   8420.0000  +2.44884256e-01  +9.95631171e-01
   8460.0000  +2.47925567e-01  +9.95333876e-01
   8500.0000  +2.46092810e-01  +9.94677820e-01
   8540.0000  +2.47669364e-01  +9.95128770e-01
   8580.0000  +2.47195920e-01  +9.95039249e-01
   8620.0000  +2.47058761e-01  +9.94924171e-01
   8660.0000  +2.47590403e-01  +9.94904979e-01
   8700.0000  +2.45636981e-01  +9.94688894e-01
   8740.0000  +2.44974436e-01  +9.94798915e-01
   8780.0000  +2.45814864e-01  +9.94547833e-01
   8820.0000  +2.47353236e-01  +9.94954605e-01
   8860.0000  +2.47065398e-01  +9.94834026e-01
   8900.0000  +2.46304487e-01  +9.94710405e-01
   8940.0000  +2.42358508e-01  +9.94896548e-01
   8980.0000  +2.44184735e-01  +9.95381026e-01
   9020.0000  +2.46312158e-01  +9.94898766e-01
   9060.0000  +2.47162184e-01  +9.94873819e-01
   9100.0000  +2.47223790e-01  +9.94934247e-01
   9140.0000  +2.47059305e-01  +9.95025592e-01
   9180.0000  +2.43502893e-01  +9.95469409e-01
   9220.0000  +2.45886743e-01  +9.95083137e-01
   9260.0000  +2.47730939e-01  +9.95327867e-01
   9300.0000  +2.43068651e-01  +9.95833693e-01
   9340.0000  +2.45777089e-01  +9.94784136e-01
   9380.0000  +2.44533445e-01  +9.94442214e-01
   9420.0000  +2.46189284e-01  +9.95053859e-01
   9460.0000  +2.43445774e-01  +9.95534448e-01
   9500.0000  +2.44765008e-01  +9.94826391e-01
   9540.0000  +2.45710975e-01  +9.94948231e-01
   9580.0000  +2.47417860e-01  +9.95337785e-01
   9620.0000  +2.41084558e-01  +9.95168625e-01
   9660.0000  +2.46383315e-01  +9.94904356e-01
   9700.0000  +2.44784688e-01  +9.94924646e-01
   9740.0000  +2.42076980e-01  +9.95257766e-01
   9780.0000  +2.45082587e-01  +9.94650647e-01
   9820.0000  +2.45256397e-01  +9.94983146e-01
   9860.0000  +2.46616410e-01  +9.95240933e-01
   9900.0000  +2.46085075e-01  +9.94700835e-01
   9940.0000  +2.46080613e-01  +9.95189880e-01
   9980.0000  +2.45721646e-01  +9.94960115e-01
  10020.0000  +2.45578010e-01  +9.95108424e-01
  20000.0000  +2.43287383e-01  +9.95236241e-01
  40000.0100  +2.43329445e-01  +9.95353980e-01
  60000.0100  +2.43921852e-01  +9.95350864e-01
  80000.0100  +2.44317495e-01  +9.95096888e-01
 100000.0100  +2.46853639e-01  +9.95485397e-01
 120000.0200  +2.46889703e-01  +9.95306758e-01
 140000.0200  +2.47826500e-01  +9.95375246e-01
 160000.0200  +2.48750704e-01  +9.95247230e-01
