# wavelength_nm   slope_a   correlation_r
     44.1000  -1.93849956e+00  -1.59545571e-01
     45.1000  -1.93858536e+00  -1.59552605e-01
     46.0000  -1.93868626e+00  -1.59561131e-01
     47.0000  -1.93882362e+00  -1.59572583e-01
     48.0000  -1.93898753e+00  -1.59585737e-01
     49.0000  -1.93918620e+00  -1.59601417e-01
     50.0000  -1.93945988e+00  -1.59624988e-01
     50.6000  +3.92810015e+00  +6.24150109e-01
     51.2000  +1.81397416e+00  +2.45929515e-01
     52.0000  -1.93984693e+00  -1.59654252e-01
     53.0000  -1.93967172e+00  -1.59639197e-01
     54.0000  -1.94028753e+00  -1.59689169e-01
     55.0000  -1.94040343e+00  -1.59695711e-01
     56.0000  -1.94091841e+00  -1.59738453e-01
     57.0000  -1.94148341e+00  -1.59782528e-01
     58.0000  -1.26943672e+00  -1.15985640e-01
     59.0000  -1.94306806e+00  -1.59910191e-01
     60.0000  -1.94404620e+00  -1.59990310e-01
     61.0000  -1.94504133e+00  -1.60070760e-01
     62.0000  -1.26989978e+00  -1.16027247e-01
     63.0000  -1.27016013e+00  -1.16048808e-01
     64.0000  -1.27054716e+00  -1.16086849e-01
     65.0000  -1.27091572e+00  -1.16119793e-01
     65.8000  -1.27121216e+00  -1.16144588e-01
     66.5000  -1.27165465e+00  -1.16184727e-01
     67.5000  -1.27222401e+00  -1.16238821e-01
     68.5000  -1.27263674e+00  -1.16274889e-01
     69.5000  -1.27330233e+00  -1.16336649e-01
     70.5000  -5.29964974e-01  -5.40682614e-02
     71.6000  -5.29974723e-01  -5.40695459e-02
     72.6000  -5.30246250e-01  -5.40962271e-02
     73.5000  -5.30582544e-01  -5.41306187e-02
     74.5000  -5.31067673e-01  -5.41805302e-02
     75.5000  -5.31573997e-01  -5.42338528e-02
     76.5000  -5.31843334e-01  -5.42590509e-02
     77.5000  -5.32480302e-01  -5.43250139e-02
     78.5000  -5.32952989e-01  -5.43737499e-02
     79.5000  +3.25717584e+00  +3.23606316e-01
     80.5000  +2.15702683e-01  +2.45958722e-02
     81.5000  +2.15751462e-01  +2.46020357e-02
     82.5000  +2.15511428e-01  +2.45738157e-02
     83.5000  +2.15087952e-01  +2.45259787e-02
     84.5000  +2.14661226e-01  +2.44776718e-02
     85.5000  +2.14140721e-01  +2.44190963e-02
     86.5000  +9.93170063e-01  +1.24943529e-01
     87.5000  +9.92543950e-01  +1.24862498e-01
     88.5000  +9.92519220e-01  +1.24864572e-01
     89.5000  +9.92411394e-01  +1.24844936e-01
     90.5000  +9.91797759e-01  +1.24774888e-01
     91.5000  +3.91663912e+00  +6.24934780e-01
     92.5000  +3.90026885e+00  +6.25592093e-01
     93.5000  +3.86996570e+00  +6.26722869e-01
     94.5000  +3.90887355e+00  +6.24853017e-01
     95.5000  -3.65631969e+00  -8.46341487e-01
     96.5000  -3.60840782e+00  -8.43672773e-01
     97.5000  +3.86380318e+00  +6.25469476e-01
     98.5000  -3.79439662e+00  -8.80841850e-01
     99.5000  -3.76745785e+00  -8.81935611e-01
    100.5000  -3.79269368e+00  -8.89473436e-01
    101.5000  -3.82246172e+00  -8.97589234e-01
    102.5000  +3.64541057e+00  +6.25479441e-01
    103.5000  -3.02134649e+00  -8.94102930e-01
    104.5000  -2.97382674e+00  -8.90417330e-01
    105.5000  -3.93647015e+00  -9.26280125e-01
    106.5000  -3.02010848e+00  -9.07953503e-01
    107.5000  -3.03146843e+00  -9.14599056e-01
    108.5000  -3.02305866e+00  -9.17440965e-01
    109.5000  -3.08795156e+00  -9.31675439e-01
    110.5000  +6.23076598e+00  +8.78774320e-01
    111.5000  +6.33466505e+00  +8.67324913e-01
    112.5000  +6.36728907e+00  +8.70711259e-01
    113.5000  +6.39979440e+00  +8.69886541e-01
    114.5000  +6.38914344e+00  +8.68551366e-01
    115.5000  +6.36143170e+00  +8.68939583e-01
    116.5000  +6.33867818e+00  +8.66455359e-01
    117.5000  +6.34278418e+00  +8.66666449e-01
    118.5000  +6.29739198e+00  +8.63828136e-01
    119.5000  +6.00426439e+00  +8.44273027e-01
    120.5000  +6.12496255e+00  +8.24099811e-01
    121.5000  -1.68069052e+00  -2.15141011e-01
    122.5000  +5.94600841e+00  +8.09756004e-01
    123.5000  +6.19900117e+00  +8.48773983e-01
    124.5000  +6.23924631e+00  +8.49922101e-01
    125.5000  +6.21637956e+00  +8.45937787e-01
    126.5000  +6.16603721e+00  +8.43530988e-01
    127.5000  +6.13140341e+00  +8.43298945e-01
    128.5000  +6.05308744e+00  +8.28638569e-01
    129.5000  +5.98087623e+00  +8.26682485e-01
    130.5000  +5.54959605e+00  +7.93783634e-01
    131.5000  +5.85922751e+00  +8.16714569e-01
    132.5000  +5.59863655e+00  +8.01975848e-01
    133.5000  +5.43308400e+00  +7.99286820e-01
    134.5000  +5.40386226e+00  +7.95624642e-01
    135.5000  +5.36357266e+00  +7.92142251e-01
    136.5000  +5.09717951e+00  +7.83996853e-01
    137.5000  +4.82053996e+00  +7.63013659e-01
    138.5000  +4.67449545e+00  +7.67446882e-01
    139.5000  +4.31571477e+00  +7.38647417e-01
    140.5000  +4.51378613e+00  +7.57024339e-01
    141.5000  +4.44985556e+00  +7.55204424e-01
    142.5000  +4.38850424e+00  +7.48192397e-01
    143.5000  +4.49821081e+00  +7.67786689e-01
    144.2000  +4.89473732e+00  +7.82758690e-01
    144.7000  +4.38173875e+00  +7.51574054e-01
    145.5000  +4.43192504e+00  +7.57568813e-01
    146.5000  +4.79396857e+00  +7.87604437e-01
    147.5000  +4.74707471e+00  +7.83821898e-01
    148.5000  +4.50294668e+00  +7.68014215e-01
    149.5000  +4.75887935e+00  +7.86019011e-01
    150.5000  +4.91397937e+00  +7.98844973e-01
    151.2000  +3.66534504e+00  +7.03808406e-01
    151.7000  +4.23105467e+00  +7.43675644e-01
    152.5000  +5.31543151e+00  +9.48542370e-01
    153.5000  +5.31668110e+00  +9.62560457e-01
    154.5000  +5.22824321e+00  +9.60031246e-01
    155.5000  +5.25690149e+00  +9.68139936e-01
    156.5000  +5.21093609e+00  +9.66480152e-01
    157.5000  +5.09091875e+00  +9.79348673e-01
    158.5000  +5.07889698e+00  +9.79631558e-01
    159.5000  +5.05853041e+00  +9.80605499e-01
    160.5000  +5.07872199e+00  +9.79329097e-01
    161.5000  +5.08202082e+00  +9.78666867e-01
    162.5000  +5.02957819e+00  +9.79259931e-01
    163.5000  +5.00803939e+00  +9.81319770e-01
    164.5000  +4.98152843e+00  +9.83094147e-01
    165.5000  +4.95159122e+00  +9.80279579e-01
    166.5000  +4.93574694e+00  +9.84442627e-01
    167.2000  +4.93781043e+00  +9.79111241e-01
    167.7000  +4.69356199e+00  +9.89312187e-01
    168.5000  +4.69416612e+00  +9.89819334e-01
    169.5000  +4.62315968e+00  +9.91691145e-01
    170.5000  +4.66521174e+00  +9.90025853e-01
    171.5000  +4.74686051e+00  +9.84063082e-01
    172.5000  +4.66337059e+00  +9.87085976e-01
    173.5000  +4.70149119e+00  +9.81805344e-01
    174.5000  +4.70169690e+00  +9.79316418e-01
    175.5000  +4.79559132e+00  +9.66964300e-01
    176.5000  +4.55518781e+00  +9.84749323e-01
    177.5000  +4.75355614e+00  +9.71028395e-01
    178.5000  +4.74610556e+00  +9.69083931e-01
    179.5000  +5.03660757e+00  +9.36424359e-01
    180.5000  +4.77002340e+00  +9.61164069e-01
    181.5000  +4.56918799e+00  +9.80610906e-01
    182.5000  +4.59870218e+00  +9.71649400e-01
    183.5000  +4.53481939e+00  +9.79246817e-01
    184.5000  +4.37560391e+00  +9.92052789e-01
    185.5000  +4.63983911e+00  +9.68564241e-01
    186.5000  +4.76868704e+00  +9.53752920e-01
    187.5000  +4.70858203e+00  +9.58373917e-01
    188.5000  +4.71578608e+00  +9.55584371e-01
    189.5000  +4.75048277e+00  +9.47735158e-01
    190.5000  +4.70912787e+00  +9.52416081e-01
    191.5000  +4.66372434e+00  +9.57245503e-01
    192.5000  +4.39139183e+00  +9.81861026e-01
    193.5000  +4.22957381e+00  +9.95323052e-01
    194.5000  +4.56906608e+00  +9.62310886e-01
    195.5000  +4.53668108e+00  +9.64437656e-01
    196.7000  +4.67320514e+00  +9.47295692e-01
    197.6000  +4.40221707e+00  +9.71463159e-01
    198.4000  +4.73325423e+00  +9.38177912e-01
    199.5000  +4.89095075e+00  +9.21542697e-01
    200.5000  +4.75881158e+00  +9.33904575e-01
    201.5000  +4.70014330e+00  +9.39559832e-01
    202.5000  +4.40959183e+00  +9.70547220e-01
    203.5000  +4.63367171e+00  +9.45426031e-01
    204.5000  +4.66057450e+00  +9.41427198e-01
    205.5000  +4.50300955e+00  +9.55629939e-01
    206.5000  +4.45693771e+00  +9.59634505e-01
    207.4000  +4.40106739e+00  +9.66284119e-01
    207.8000  +5.73190077e+00  +8.58378080e-01
    208.5000  +5.88179472e+00  +8.48551153e-01
    209.5000  +5.80228521e+00  +8.52393229e-01
    210.5000  +5.65688042e+00  +8.61934769e-01
    211.5000  +5.72312330e+00  +8.58753147e-01
    212.5000  +5.62807378e+00  +8.66421924e-01
    213.5000  +5.49194568e+00  +8.71946276e-01
    214.5000  +5.61014164e+00  +8.66562807e-01
    215.5000  +5.64817610e+00  +8.63373627e-01
    216.5000  +5.40638119e+00  +8.76580088e-01
    217.5000  +5.45535537e+00  +8.69637050e-01
    218.5000  +5.58137561e+00  +8.71750270e-01
    219.5000  +5.50056713e+00  +8.71782863e-01
    220.5000  +5.42102642e+00  +8.77490221e-01
    221.5000  +5.21944550e+00  +8.88293791e-01
    222.5000  +5.29419623e+00  +8.85759397e-01
    223.5000  +5.28560753e+00  +8.87418560e-01
    224.5000  +5.24987249e+00  +8.88405397e-01
    225.5000  +5.00245623e+00  +8.99188349e-01
    226.5000  +5.01621172e+00  +8.97782585e-01
    227.5000  +4.89991039e+00  +9.03116210e-01
    228.5000  +5.02969608e+00  +8.99005548e-01
    229.5000  +4.91259012e+00  +9.02306696e-01
    230.5000  +5.09285589e+00  +8.99714591e-01
    231.5000  +4.91894475e+00  +9.06137704e-01
    232.5000  +4.66117316e+00  +9.19072901e-01
    233.5000  +4.36808282e+00  +9.31477997e-01
    234.5000  +3.97424521e+00  +9.63463209e-01
    235.5000  +4.66281324e+00  +9.17353203e-01
    236.5000  +4.02198395e+00  +9.60871445e-01
    237.5000  +4.24657423e+00  +9.42552497e-01
    238.5000  +3.72097963e+00  +9.80345044e-01
    239.5000  +3.86306269e+00  +9.69228662e-01
    240.5000  +3.76306161e+00  +9.73066220e-01
    241.5000  +4.14009919e+00  +9.52647655e-01
    242.5000  +4.52169704e+00  +9.26283037e-01
    243.5000  +4.37993466e+00  +9.33073415e-01
    244.5000  +4.43671858e+00  +9.28772673e-01
    245.5000  +4.45878614e+00  +9.28170275e-01
    246.5000  +4.49972372e+00  +9.28403349e-01
    247.5000  +4.41043331e+00  +9.33280861e-01
    248.5000  +4.04135544e+00  +9.75830192e-01
    249.5000  +4.22765965e+00  +9.51054248e-01
    250.5000  +4.44758911e+00  +9.30251175e-01
    251.3000  +3.43700701e+00  +9.97632677e-01
    251.8000  +3.40930285e+00  +9.99791062e-01
    252.5000  +3.50378714e+00  +9.96978413e-01
    253.5000  +3.75989610e+00  +9.63972771e-01
    254.5000  +3.73224113e+00  +9.65701923e-01
    255.5000  +3.46900653e+00  +9.62867647e-01
    256.5000  +3.58315130e+00  +9.65312509e-01
    257.5000  +3.52547229e+00  +9.65456882e-01
    258.5000  +3.50576648e+00  +9.65379963e-01
    259.5000  +3.47123255e+00  +9.70021714e-01
    260.5000  +3.41375763e+00  +9.71452760e-01
    261.5000  +3.35152547e+00  +9.77110177e-01
    262.5000  +3.45831974e+00  +9.66713443e-01
    263.5000  +3.25434703e+00  +9.68012379e-01
    264.5000  +3.22399405e+00  +9.69502372e-01
    265.5000  +2.90560077e+00  +9.77028764e-01
    266.5000  +3.12347137e+00  +9.71313384e-01
    267.5000  +3.19503948e+00  +9.71466618e-01
    268.5000  +3.05498296e+00  +9.74724431e-01
    269.5000  +3.18260240e+00  +9.73136405e-01
    270.5000  +2.99658748e+00  +9.75722017e-01
    271.5000  +3.13282031e+00  +9.73930326e-01
    272.5000  +3.55046223e+00  +9.64258983e-01
    273.5000  +3.36783540e+00  +9.67763902e-01
    274.5000  +3.12467954e+00  +9.82186899e-01
    275.5000  +3.13903807e+00  +9.75958539e-01
    276.5000  +3.09565139e+00  +9.74481032e-01
    277.5000  +3.06307263e+00  +9.75075439e-01
    278.5000  +2.86513558e+00  +9.92789904e-01
    279.5000  +2.87147798e+00  +9.99896164e-01
    280.5000  +2.85531680e+00  +9.99588912e-01
    281.5000  +3.06936167e+00  +9.80343023e-01
    282.5000  +3.17706867e+00  +9.71895602e-01
    283.5000  +3.30208049e+00  +9.69639917e-01
    284.5000  +3.45708059e+00  +9.71755922e-01
    285.5000  +3.25376646e+00  +9.94540182e-01
    286.5000  +3.52714041e+00  +9.62572465e-01
    287.5000  +3.08962625e+00  +9.76014475e-01
    288.5000  +2.92616100e+00  +9.78687163e-01
    289.5000  +2.74177488e+00  +9.82796111e-01
    291.0000  +2.60459047e+00  +9.84348764e-01
    293.0000  +2.60497108e+00  +9.85257089e-01
    295.0000  +2.71967225e+00  +9.83337508e-01
    297.0000  +2.76565124e+00  +9.83136737e-01
    299.0000  +2.72581772e+00  +9.84677477e-01
    301.0000  +2.89217903e+00  +9.82130226e-01
    303.0000  +2.71227607e+00  +9.85667770e-01
    305.0000  +2.71334513e+00  +9.85624898e-01
    307.0000  +2.53143049e+00  +9.87534475e-01
    309.0000  +2.54546505e+00  +9.85839420e-01
    311.0000  +2.34992283e+00  +9.89910102e-01
    313.0000  +2.51752146e+00  +9.86791678e-01
    315.0000  +2.40258989e+00  +9.88426874e-01
    317.0000  +2.31495850e+00  +9.89682256e-01
    319.0000  +2.38186919e+00  +9.89465727e-01
    321.0000  +2.41210568e+00  +9.89328907e-01
    323.0000  +2.44199350e+00  +9.88577833e-01
    325.0000  +2.19482624e+00  +9.92981940e-01
    327.0000  +2.15252611e+00  +9.93450615e-01
    329.0000  +2.13804561e+00  +9.93332238e-01
    331.0000  +2.26249567e+00  +9.91588064e-01
    333.0000  +2.18900407e+00  +9.92911102e-01
    335.0000  +2.25899302e+00  +9.92382416e-01
    337.0000  +2.43743518e+00  +9.89805541e-01
    339.0000  +2.40522844e+00  +9.90484602e-01
    341.0000  +2.34142548e+00  +9.91606111e-01
    343.0000  +2.27179800e+00  +9.92652920e-01
    345.0000  +2.20527082e+00  +9.94367671e-01
    347.0000  +2.18904606e+00  +9.94845423e-01
    349.0000  +2.08389665e+00  +9.95926190e-01
    351.0000  +2.03997498e+00  +9.96498092e-01
    353.0000  +2.12488985e+00  +9.96654975e-01
    355.0000  +2.13074190e+00  +9.97066019e-01
    357.0000  +2.46462445e+00  +9.94204439e-01
    359.0000  +2.27840814e+00  +9.95125979e-01
    361.0000  +2.00394245e+00  +9.97321934e-01
    363.0000  +1.97170385e+00  +9.97363866e-01
    364.0000  +1.95270707e+00  +9.97086581e-01
    365.0000  +1.91157724e+00  +9.97575287e-01
    367.0000  +1.87955907e+00  +9.97701978e-01
    369.0000  +1.90485965e+00  +9.97591722e-01
    371.0000  +1.79243859e+00  +9.99335775e-01
    373.0000  +2.16719717e+00  +9.97672500e-01
    375.0000  +2.10615396e+00  +9.97696387e-01
    377.0000  +1.98681419e+00  +9.98584676e-01
    379.0000  +2.09650859e+00  +9.96943871e-01
    381.0000  +2.28924868e+00  +9.93895916e-01
    383.0000  +2.45927601e+00  +9.92935865e-01
    385.0000  +2.74812142e+00  +9.87337706e-01
    387.0000  +2.71095296e+00  +9.83658919e-01
    389.0000  +2.06448987e+00  +9.96257463e-01
    391.0000  +1.96176820e+00  +9.94632129e-01
    393.0000  +2.11025433e+00  +9.96331262e-01
    395.0000  +1.97422851e+00  +9.95071869e-01
    397.0000  +1.98644312e+00  +9.97685235e-01
    399.0000  +1.79120235e+00  +9.96827595e-01
    401.0000  +1.77044995e+00  +9.96683274e-01
    403.0000  +1.79451799e+00  +9.96358511e-01
    405.0000  +1.81193007e+00  +9.96665411e-01
    407.0000  +1.83953722e+00  +9.96545561e-01
    409.0000  +1.66901186e+00  +9.98876764e-01
    411.0000  +1.57453676e+00  +9.99847452e-01
    413.0000  +1.78079790e+00  +9.97907961e-01
    415.0000  +1.83810357e+00  +9.97736090e-01
    417.0000  +1.82626766e+00  +9.97680875e-01
    419.0000  +1.82939316e+00  +9.97174192e-01
    421.0000  +1.76843475e+00  +9.97356012e-01
    423.0000  +1.70652135e+00  +9.97650470e-01
    425.0000  +1.74149653e+00  +9.96598642e-01
    427.0000  +1.77225914e+00  +9.96170614e-01
    429.0000  +1.80954036e+00  +9.95781985e-01
    431.0000  +1.85054024e+00  +9.95258493e-01
    433.0000  +1.62337794e+00  +9.98990825e-01
    435.0000  +1.58994221e+00  +9.99560553e-01
    437.0000  +1.66434958e+00  +9.97667637e-01
    439.0000  +1.71278668e+00  +9.96903850e-01
    441.0000  +1.65222441e+00  +9.97917160e-01
    443.0000  +1.58455648e+00  +9.98828980e-01
    445.0000  +1.56976922e+00  +9.98812884e-01
    447.0000  +1.52311443e+00  +9.99100230e-01
    449.0000  +1.49487156e+00  +9.99246562e-01
    451.0000  +1.42600833e+00  +9.99526233e-01
    453.0000  +1.47645074e+00  +9.99386134e-01
    455.0000  +1.46061223e+00  +9.99461712e-01
    457.0000  +1.43098577e+00  +9.99529526e-01
    459.0000  +1.44241037e+00  +9.99446007e-01
    461.0000  +1.42553623e+00  +9.99540961e-01
    463.0000  +1.43527463e+00  +9.99592697e-01
    465.0000  +1.42599030e+00  +9.99646685e-01
    467.0000  +1.40970398e+00  +9.99680317e-01
    469.0000  +1.40992208e+00  +9.99727646e-01
    471.0000  +1.39219271e+00  +9.99787911e-01
    473.0000  +1.39333340e+00  +9.99764672e-01
    475.0000  +1.35878844e+00  +9.99790921e-01
    477.0000  +1.34703194e+00  +9.99831607e-01
    479.0000  +1.34156549e+00  +9.99875171e-01
    481.0000  +1.35636258e+00  +9.99826965e-01
    483.0000  +1.32251990e+00  +9.99927245e-01
    485.0000  +1.29597343e+00  +9.99795656e-01
    487.0000  +1.22689007e+00  +9.99146175e-01
    489.0000  +1.31513366e+00  +9.99953631e-01
    491.0000  +1.32360547e+00  +9.99927983e-01
    493.0000  +1.32016701e+00  +9.99920533e-01
    495.0000  +1.28227524e+00  +9.99954902e-01
    497.0000  +1.31505845e+00  +9.99941407e-01
    499.0000  +1.32882503e+00  +9.99938594e-01
    501.0000  +1.34591547e+00  +9.99932119e-01
    503.0000  +1.33469923e+00  +9.99925012e-01
    505.0000  +1.31879912e+00  +9.99965567e-01
    507.0000  +1.29594206e+00  +9.99971827e-01
    509.0000  +1.33355136e+00  +9.99961902e-01
    511.0000  +1.31971956e+00  +9.99961769e-01
    513.0000  +1.33079913e+00  +9.99967032e-01
    515.0000  +1.34093090e+00  +9.99965865e-01
    517.0000  +1.34272256e+00  +9.99963980e-01
    519.0000  +1.30280884e+00  +9.99974487e-01
    521.0000  +1.28496905e+00  +9.99973008e-01
    523.0000  +1.27603347e+00  +9.99975822e-01
    525.0000  +1.26163909e+00  +9.99982482e-01
    527.0000  +1.29676186e+00  +9.99977678e-01
    529.0000  +1.24088675e+00  +9.99981597e-01
    531.0000  +1.19957265e+00  +9.99962998e-01
    533.0000  +1.25522999e+00  +9.99988448e-01
    535.0000  +1.20453730e+00  +9.99960265e-01
    537.0000  +1.19651203e+00  +9.99926983e-01
    539.0000  +1.21226290e+00  +9.99925901e-01
    541.0000  +1.21045995e+00  +9.99964190e-01
    543.0000  +1.21115104e+00  +9.99950754e-01
    545.0000  +1.16732400e+00  +9.99872168e-01
    547.0000  +1.19038268e+00  +9.99904687e-01
    549.0000  +1.19246615e+00  +9.99932563e-01
    551.0000  +1.20159980e+00  +9.99949016e-01
    553.0000  +1.17454341e+00  +9.99891512e-01
    555.0000  +1.16268303e+00  +9.99888378e-01
    557.0000  +1.16094078e+00  +9.99856394e-01
    559.0000  +1.17596610e+00  +9.99903569e-01
    561.0000  +1.13949529e+00  +9.99789807e-01
    563.0000  +1.16026099e+00  +9.99840197e-01
    565.0000  +1.15110472e+00  +9.99869114e-01
    567.0000  +1.15635484e+00  +9.99880387e-01
    569.0000  +1.13600120e+00  +9.99837165e-01
    571.0000  +1.15289943e+00  +9.99853572e-01
    573.0000  +1.10408896e+00  +9.99699348e-01
    575.0000  +1.12312460e+00  +9.99767011e-01
    577.0000  +1.10959885e+00  +9.99702714e-01
    579.0000  +1.13804631e+00  +9.99828482e-01
    581.0000  +1.10393339e+00  +9.99725716e-01
    583.0000  +1.08178807e+00  +9.99600847e-01
    585.0000  +1.09284018e+00  +9.99685124e-01
    587.0000  +1.08482882e+00  +9.99621869e-01
    589.0000  +1.11407242e+00  +9.99731576e-01
    591.0000  +1.09072074e+00  +9.99634100e-01
    593.0000  +1.08440805e+00  +9.99609549e-01
    595.0000  +1.07986549e+00  +9.99592253e-01
    597.0000  +1.06171734e+00  +9.99523403e-01
    599.0000  +1.07046706e+00  +9.99485973e-01
    601.0000  +1.07883734e+00  +9.99604004e-01
    603.0000  +1.05537910e+00  +9.99556769e-01
    605.0000  +1.04832921e+00  +9.99479379e-01
    607.0000  +1.04674329e+00  +9.99458687e-01
    609.0000  +1.07596715e+00  +9.99556579e-01
    611.0000  +1.06367735e+00  +9.99548712e-01
    613.0000  +1.07730554e+00  +9.99488791e-01
    615.0000  +1.05790149e+00  +9.99487361e-01
    617.0000  +1.07415581e+00  +9.99596083e-01
    619.0000  +1.04566260e+00  +9.99486096e-01
    621.0000  +1.04338703e+00  +9.99321788e-01
    623.0000  +1.06066335e+00  +9.99475521e-01
    625.0000  +1.06436727e+00  +9.99514839e-01
    627.0000  +1.04602965e+00  +9.99386613e-01
    629.0000  +1.03543260e+00  +9.99313263e-01
    631.0000  +1.03938233e+00  +9.99328791e-01
    633.0000  +1.03534174e+00  +9.99349069e-01
    635.0000  +1.03194322e+00  +9.99312744e-01
    637.0000  +1.03343461e+00  +9.99292181e-01
    639.0000  +1.01913028e+00  +9.99234200e-01
    641.0000  +1.01981768e+00  +9.99167079e-01
    643.0000  +1.01180060e+00  +9.99199003e-01
    645.0000  +1.00989864e+00  +9.99133978e-01
    647.0000  +1.01032406e+00  +9.99123948e-01
    649.0000  +1.01301482e+00  +9.99009297e-01
    651.0000  +9.93836783e-01  +9.98785279e-01
    653.0000  +9.78225885e-01  +9.98381377e-01
    655.0000  +9.06183704e-01  +9.95802347e-01
    657.0000  +7.75731254e-01  +9.91883920e-01
    659.0000  +9.59285125e-01  +9.97811640e-01
    661.0000  +9.81808816e-01  +9.98680706e-01
    663.0000  +9.89113636e-01  +9.98895903e-01
    665.0000  +9.85828576e-01  +9.98921791e-01
    667.0000  +9.90893921e-01  +9.98955364e-01
    669.0000  +9.72006418e-01  +9.98857766e-01
    671.0000  +9.94420109e-01  +9.99109522e-01
    673.0000  +9.70016267e-01  +9.98988139e-01
    675.0000  +9.77867335e-01  +9.99009920e-01
    677.0000  +9.69577430e-01  +9.98930971e-01
    679.0000  +9.72584294e-01  +9.98968580e-01
    681.0000  +9.69323776e-01  +9.98992374e-01
    683.0000  +9.58580523e-01  +9.98961332e-01
    685.0000  +9.75466954e-01  +9.98942881e-01
    687.0000  +9.61674411e-01  +9.98870051e-01
    689.0000  +9.53113360e-01  +9.98886150e-01
    691.0000  +9.55626836e-01  +9.98880204e-01
    693.0000  +9.58700336e-01  +9.98878720e-01
    695.0000  +9.60799643e-01  +9.98847158e-01
    697.0000  +9.54881102e-01  +9.98841438e-01
    699.0000  +9.54451777e-01  +9.98778462e-01
    701.0000  +9.68255938e-01  +9.98918165e-01
    703.0000  +9.53585813e-01  +9.98803504e-01
    705.0000  +9.45643151e-01  +9.98789391e-01
    707.0000  +9.52400998e-01  +9.98801651e-01
    709.0000  +9.49150328e-01  +9.98780181e-01
    711.0000  +9.39484270e-01  +9.98562105e-01
    713.0000  +9.51159491e-01  +9.98628927e-01
    715.0000  +9.47682323e-01  +9.98676949e-01
    717.0000  +9.38638608e-01  +9.98624938e-01
    719.0000  +9.60284559e-01  +9.98877186e-01
    721.0000  +9.36531782e-01  +9.98719042e-01
    723.0000  +9.30396592e-01  +9.98711040e-01
    725.0000  +9.27298106e-01  +9.98552581e-01
    727.0000  +9.27583291e-01  +9.98567360e-01
    729.0000  +9.39396292e-01  +9.98726279e-01
    731.0000  +9.27633317e-01  +9.98591034e-01
    733.0000  +9.22254709e-01  +9.98490499e-01
    735.0000  +9.24770124e-01  +9.98542257e-01
    737.0000  +9.13809688e-01  +9.98511904e-01
    739.0000  +9.23342805e-01  +9.98564613e-01
    741.0000  +9.13842308e-01  +9.98530936e-01
    743.0000  +9.12506207e-01  +9.98434492e-01
    745.0000  +9.07518984e-01  +9.98462222e-01
    747.0000  +9.05091302e-01  +9.98395901e-01
    749.0000  +9.01750381e-01  +9.98281826e-01
    751.0000  +8.95312250e-01  +9.98354283e-01
    753.0000  +8.90982026e-01  +9.98258343e-01
    755.0000  +8.87574882e-01  +9.98322146e-01
    757.0000  +8.88171797e-01  +9.98341651e-01
    759.0000  +8.87704430e-01  +9.98268357e-01
    761.0000  +8.85206603e-01  +9.98295139e-01
    763.0000  +8.79861394e-01  +9.98249983e-01
    765.0000  +8.72713690e-01  +9.98233534e-01
    767.0000  +8.82804837e-01  +9.98231000e-01
    769.0000  +8.67632375e-01  +9.98211365e-01
    771.0000  +8.74919945e-01  +9.98227276e-01
    773.0000  +8.75419877e-01  +9.98220738e-01
    775.0000  +8.73508358e-01  +9.98235298e-01
    777.0000  +8.50169228e-01  +9.97822137e-01
    779.0000  +8.59312494e-01  +9.98065713e-01
    781.0000  +8.58153949e-01  +9.98126794e-01
    783.0000  +8.57158969e-01  +9.98010591e-01
    785.0000  +8.56671578e-01  +9.97973338e-01
    787.0000  +8.53896056e-01  +9.98020089e-01
    789.0000  +8.62970468e-01  +9.97913464e-01
    791.0000  +8.77470755e-01  +9.98032607e-01
    793.0000  +8.70903695e-01  +9.97887692e-01
    795.0000  +8.78618843e-01  +9.97926569e-01
    797.0000  +8.60653906e-01  +9.97922738e-01
    799.0000  +8.56551275e-01  +9.97882882e-01
    801.0000  +8.55947688e-01  +9.97823630e-01
    803.0000  +8.53978766e-01  +9.97896600e-01
    805.0000  +8.56032767e-01  +9.97757314e-01
    807.0000  +8.57889937e-01  +9.97861705e-01
    809.0000  +8.67991878e-01  +9.97810223e-01
    811.0000  +8.64065139e-01  +9.97657440e-01
    813.0000  +8.54997850e-01  +9.97597885e-01
    815.0000  +8.55059369e-01  +9.97686931e-01
    817.0000  +8.49573608e-01  +9.97693420e-01
    819.0000  +8.48567611e-01  +9.97694586e-01
    821.0000  +8.54721880e-01  +9.97830631e-01
    823.0000  +8.41649992e-01  +9.97614075e-01
    825.0000  +8.37246002e-01  +9.97639987e-01
    827.0000  +8.33883186e-01  +9.97624308e-01
    829.0000  +8.35131288e-01  +9.97658339e-01
    831.0000  +8.49961192e-01  +9.97606693e-01
    833.0000  +8.34966353e-01  +9.97513549e-01
    835.0000  +8.43058221e-01  +9.97662730e-01
    837.0000  +8.36322956e-01  +9.97689724e-01
    839.0000  +8.51441702e-01  +9.97774211e-01
    841.0000  +8.29496925e-01  +9.97759075e-01
    843.0000  +8.38068541e-01  +9.97774325e-01
    845.0000  +8.15659751e-01  +9.97314408e-01
    847.0000  +8.20242511e-01  +9.97557030e-01
    849.0000  +8.03587595e-01  +9.97079401e-01
    851.0000  +8.16083690e-01  +9.97393712e-01
    853.0000  +8.04126821e-01  +9.97024169e-01
    855.0000  +8.04782185e-01  +9.97121683e-01
    857.0000  +8.02447127e-01  +9.97149957e-01
    859.0000  +8.02303759e-01  +9.97154288e-01
    861.0000  +7.99845249e-01  +9.97248886e-01
    863.0000  +7.99890587e-01  +9.97208382e-01
    865.0000  +7.87741874e-01  +9.96914711e-01
    867.0000  +7.88327898e-01  +9.96941471e-01
    869.0000  +8.01766109e-01  +9.97314255e-01
    871.0000  +8.00370363e-01  +9.97537708e-01
    873.0000  +7.88386306e-01  +9.97066875e-01
    875.0000  +7.69060879e-01  +9.96590085e-01
    877.0000  +7.79206758e-01  +9.96810559e-01
    879.0000  +7.91211230e-01  +9.97390530e-01
    881.0000  +7.96779546e-01  +9.97647827e-01
    883.0000  +7.84843421e-01  +9.97216950e-01
    885.0000  +7.63402009e-01  +9.96257994e-01
    887.0000  +7.53651414e-01  +9.96090625e-01
    889.0000  +7.75221842e-01  +9.97051225e-01
    891.0000  +7.66486015e-01  +9.97172327e-01
    893.0000  +7.78159312e-01  +9.97541265e-01
    895.0000  +7.81662413e-01  +9.97624245e-01
    897.0000  +7.76681051e-01  +9.97358575e-01
    899.0000  +7.70441689e-01  +9.97026226e-01
    901.0000  +7.45425967e-01  +9.95749633e-01
    903.0000  +7.48697205e-01  +9.95794686e-01
    905.0000  +7.53897421e-01  +9.97070835e-01
    907.0000  +7.49390313e-01  +9.97180003e-01
    909.0000  +7.53709322e-01  +9.97151328e-01
    911.0000  +7.65156096e-01  +9.97444733e-01
    913.0000  +7.54813972e-01  +9.97220253e-01
    915.0000  +7.59824049e-01  +9.97497513e-01
    917.0000  +7.56552138e-01  +9.97372887e-01
    919.0000  +7.45339945e-01  +9.96859687e-01
    921.0000  +7.44108617e-01  +9.96617483e-01
    923.0000  +6.76835529e-01  +9.93287943e-01
    925.0000  +7.35017422e-01  +9.96211286e-01
    927.0000  +7.39881137e-01  +9.96913427e-01
    929.0000  +7.49733381e-01  +9.97087864e-01
    931.0000  +7.41425392e-01  +9.97161894e-01
    933.0000  +7.41714311e-01  +9.97388142e-01
    935.0000  +7.38474701e-01  +9.97314097e-01
    937.0000  +7.51563202e-01  +9.97192763e-01
    939.0000  +7.38925170e-01  +9.97063037e-01
    941.0000  +7.32486637e-01  +9.97073752e-01
    943.0000  +7.30349939e-01  +9.97089921e-01
    945.0000  +7.44267260e-01  +9.97264621e-01
    947.0000  +7.30269424e-01  +9.96981680e-01
    949.0000  +7.27344339e-01  +9.96966397e-01
    951.0000  +7.26051728e-01  +9.96768528e-01
    953.0000  +7.14258685e-01  +9.95773825e-01
    955.0000  +6.48684469e-01  +9.91558151e-01
    957.0000  +7.23874941e-01  +9.95949892e-01
    959.0000  +7.18268505e-01  +9.96632434e-01
    961.0000  +7.22901320e-01  +9.96899419e-01
    963.0000  +7.17119574e-01  +9.96864500e-01
    965.0000  +7.32228022e-01  +9.97040632e-01
    967.0000  +7.23286032e-01  +9.96882497e-01
    969.0000  +7.14715939e-01  +9.96830486e-01
    971.0000  +7.24263958e-01  +9.97194667e-01
    973.0000  +7.24071816e-01  +9.97160685e-01
    975.0000  +7.17222374e-01  +9.96749013e-01
    977.0000  +7.20010843e-01  +9.97031859e-01
    979.0000  +7.30081289e-01  +9.97101841e-01
    981.0000  +7.06860617e-01  +9.97063722e-01
    983.0000  +7.09008619e-01  +9.96674758e-01
    985.0000  +7.03596855e-01  +9.96719851e-01
    987.0000  +7.05967749e-01  +9.96604302e-01
    989.0000  +7.00140690e-01  +9.96706992e-01
    991.0000  +7.00411492e-01  +9.96867540e-01
    993.0000  +6.97902403e-01  +9.96638473e-01
    995.0000  +6.96166124e-01  +9.96522567e-01
    997.0000  +6.94363883e-01  +9.96528980e-01
    999.0000  +6.95143156e-01  +9.96602425e-01
   1002.5000  +6.75254702e-01  +9.94868861e-01
   1007.5000  +6.57913400e-01  +9.94128128e-01
   1012.5000  +6.85022591e-01  +9.96124484e-01
   1017.5000  +6.87866394e-01  +9.96523161e-01
   1022.5000  +6.84575840e-01  +9.96552156e-01
   1027.5000  +6.76592230e-01  +9.96360902e-01
   1032.5000  +6.79903769e-01  +9.96460165e-01
   1037.5000  +6.78990426e-01  +9.96426641e-01
   1042.5000  +6.68784398e-01  +9.96294619e-01
   1047.5000  +6.63036745e-01  +9.96150818e-01
   1052.5000  +6.58295321e-01  +9.96323676e-01
   1057.5000  +6.58126557e-01  +9.95895142e-01
   1062.5000  +6.52249299e-01  +9.96175228e-01
   1067.5000  +6.42773901e-01  +9.95718430e-01
   1072.5000  +6.47581169e-01  +9.95962270e-01
   1077.5000  +6.47111948e-01  +9.96202950e-01
   1082.5000  +6.47901146e-01  +9.95985241e-01
   1087.5000  +6.42320309e-01  +9.95702989e-01
   1092.5000  +5.83291986e-01  +9.91271660e-01
   1097.5000  +6.25244385e-01  +9.94438378e-01
   1102.5000  +6.31368880e-01  +9.95480888e-01
   1107.5000  +6.29514080e-01  +9.95454383e-01
   1112.5000  +6.26460606e-01  +9.95638743e-01
   1117.5000  +6.25951607e-01  +9.95591867e-01
   1122.5000  +6.21699680e-01  +9.95361726e-01
   1127.5000  +6.16069148e-01  +9.95344305e-01
   1132.5000  +6.12131477e-01  +9.95112141e-01
   1137.5000  +6.16625757e-01  +9.95347409e-01
   1142.5000  +6.13673571e-01  +9.95361858e-01
   1147.5000  +6.03970740e-01  +9.95664734e-01
   1152.5000  +6.02094924e-01  +9.94981088e-01
   1157.5000  +6.04300314e-01  +9.95028752e-01
   1162.5000  +5.98186535e-01  +9.95051927e-01
   1167.5000  +5.90213843e-01  +9.94700673e-01
   1172.5000  +5.87460018e-01  +9.95245108e-01
   1177.5000  +5.79980789e-01  +9.94552922e-01
   1182.5000  +5.82517514e-01  +9.94781365e-01
   1187.5000  +5.82508454e-01  +9.94655623e-01
   1192.5000  +5.75498145e-01  +9.94996106e-01
   1197.5000  +5.78392788e-01  +9.94564365e-01
   1202.5000  +5.68953558e-01  +9.94206353e-01
   1207.5000  +5.69363531e-01  +9.94262656e-01
   1212.5000  +5.65345717e-01  +9.94455478e-01
   1217.5000  +5.60368795e-01  +9.94172868e-01
   1222.5000  +5.59251476e-01  +9.94180614e-01
   1227.5000  +5.53724376e-01  +9.93976294e-01
   1232.5000  +5.52274531e-01  +9.94260818e-01
   1237.5000  +5.50366325e-01  +9.94117416e-01
   1242.5000  +5.48958582e-01  +9.93722613e-01
   1247.5000  +5.43748401e-01  +9.93971720e-01
   1252.5000  +5.44453663e-01  +9.93711199e-01
   1257.5000  +5.35309106e-01  +9.93798666e-01
   1262.5000  +5.33765168e-01  +9.93926634e-01
   1267.5000  +5.35272974e-01  +9.93706502e-01
   1272.5000  +5.28422085e-01  +9.93193167e-01
   1277.5000  +5.13314459e-01  +9.91563733e-01
   1282.5000  +4.55908186e-01  +9.84732539e-01
   1287.5000  +5.17046254e-01  +9.91856631e-01
   1292.5000  +5.23321341e-01  +9.92894489e-01
   1297.5000  +5.13121206e-01  +9.92901169e-01
   1302.5000  +5.16064038e-01  +9.92939914e-01
   1307.5000  +5.07612787e-01  +9.93412763e-01
   1312.5000  +5.07926599e-01  +9.92896599e-01
   1317.5000  +5.02719988e-01  +9.92789709e-01
   1322.5000  +5.01449528e-01  +9.92487070e-01
   1327.5000  +5.05491395e-01  +9.92934994e-01
   1332.5000  +4.95959463e-01  +9.92622735e-01
   1337.5000  +4.94400929e-01  +9.92820226e-01
   1342.5000  +4.83816764e-01  +9.92911816e-01
   1347.5000  +4.83467132e-01  +9.92572296e-01
   1352.5000  +4.77642086e-01  +9.92237054e-01
   1357.5000  +4.83789397e-01  +9.92253296e-01
   1362.5000  +4.82716305e-01  +9.93274946e-01
   1367.5000  +4.75028141e-01  +9.92355038e-01
   1372.5000  +4.62427776e-01  +9.92586937e-01
   1377.5000  +4.64216675e-01  +9.92412256e-01
   1382.5000  +4.60016068e-01  +9.91723925e-01
   1387.5000  +4.63257915e-01  +9.92393097e-01
   1392.5000  +4.52223572e-01  +9.91645170e-01
   1397.5000  +4.47938101e-01  +9.91659894e-01
   1402.5000  +4.54655404e-01  +9.91947704e-01
   1407.5000  +4.44362252e-01  +9.91390272e-01
   1412.5000  +4.44752823e-01  +9.91423926e-01
   1417.5000  +4.36159212e-01  +9.91292987e-01
   1422.5000  +4.37696368e-01  +9.91814694e-01
   1427.5000  +4.41326680e-01  +9.92388159e-01
   1432.5000  +4.30594175e-01  +9.91300474e-01
   1437.5000  +4.23054084e-01  +9.90795495e-01
   1442.5000  +4.22509624e-01  +9.91615666e-01
   1447.5000  +4.17846210e-01  +9.91355456e-01
   1452.5000  +4.14639232e-01  +9.91587418e-01
   1457.0000  +4.11943119e-01  +9.91693326e-01
   1462.0000  +4.07437363e-01  +9.90970287e-01
   1467.5000  +4.05808138e-01  +9.90985657e-01
   1472.5000  +4.08585557e-01  +9.91304759e-01
   1477.5000  +4.00747274e-01  +9.91096142e-01
   1482.5000  +3.97892446e-01  +9.91019363e-01
   1487.5000  +3.95125897e-01  +9.91240905e-01
   1492.5000  +3.87670979e-01  +9.90790430e-01
   1497.5000  +3.90006118e-01  +9.91133256e-01
   1502.5000  +3.81451092e-01  +9.91092151e-01
   1507.5000  +3.87895100e-01  +9.91353024e-01
   1512.5000  +3.81802231e-01  +9.91192331e-01
   1517.5000  +3.76426593e-01  +9.91488436e-01
   1522.5000  +3.72629923e-01  +9.91192830e-01
   1527.5000  +3.65519906e-01  +9.91242707e-01
   1532.5000  +3.66056831e-01  +9.91325324e-01
   1537.5000  +3.57492727e-01  +9.91212500e-01
   1542.5000  +3.55071051e-01  +9.91578917e-01
   1547.5000  +3.52268645e-01  +9.90968457e-01
   1552.5000  +3.55606557e-01  +9.91187465e-01
   1557.5000  +3.59871742e-01  +9.91684258e-01
   1562.5000  +3.37244474e-01  +9.89732641e-01
   1567.5000  +3.52663274e-01  +9.91556162e-01
   1572.5000  +3.39423138e-01  +9.91775497e-01
   1577.5000  +3.46441327e-01  +9.90484181e-01
   1582.5000  +3.37228412e-01  +9.90434920e-01
   1587.5000  +3.54991565e-01  +9.92910946e-01
   1592.5000  +3.40690128e-01  +9.91101896e-01
   1597.5000  +3.28713024e-01  +9.90752060e-01
   1605.0000  +3.20049747e-01  +9.90483419e-01
   1615.0000  +3.22194945e-01  +9.92029131e-01
   1625.0000  +3.17367688e-01  +9.91009151e-01
   1635.0000  +3.04495326e-01  +9.90604633e-01
   1645.0000  +3.07259268e-01  +9.92154194e-01
   1655.0000  +3.08648373e-01  +9.90875421e-01
   1665.0000  +3.06204462e-01  +9.90301941e-01
   1675.0000  +2.94984334e-01  +9.89871677e-01
   1685.0000  +2.96433903e-01  +9.90478122e-01
   1695.0000  +2.99013351e-01  +9.90353791e-01
   1705.0000  +3.08221830e-01  +9.91634448e-01
   1715.0000  +3.01364329e-01  +9.91340934e-01
   1725.0000  +3.04423836e-01  +9.90502210e-01
   1735.0000  +2.81461063e-01  +9.89621389e-01
   1745.0000  +2.94181520e-01  +9.89792921e-01
   1755.0000  +3.02066622e-01  +9.90547803e-01
   1765.0000  +2.99646814e-01  +9.90623194e-01
   1775.0000  +3.04429414e-01  +9.90709040e-01
   1785.0000  +2.99105605e-01  +9.90639762e-01
   1795.0000  +3.01440998e-01  +9.90333174e-01
   1805.0000  +2.99344096e-01  +9.89537646e-01
   1815.0000  +2.68622106e-01  +9.88074523e-01
   1825.0000  +2.89441801e-01  +9.88667654e-01
   1835.0000  +3.00883312e-01  +9.89268268e-01
   1845.0000  +3.05023917e-01  +9.90693217e-01
   1855.0000  +2.99959046e-01  +9.90705077e-01
   1865.0000  +3.02609779e-01  +9.89929852e-01
   1875.0000  +2.48589826e-01  +9.83305665e-01
   1885.0000  +2.91267595e-01  +9.88329152e-01
   1895.0000  +3.10425901e-01  +9.90994848e-01
   1905.0000  +2.97608450e-01  +9.90432404e-01
   1915.0000  +2.99025767e-01  +9.90556161e-01
   1925.0000  +2.97982552e-01  +9.90587786e-01
   1935.0000  +3.00093038e-01  +9.89455041e-01
   1945.0000  +2.59222917e-01  +9.84991833e-01
   1955.0000  +2.91252960e-01  +9.88147641e-01
   1965.0000  +2.99726945e-01  +9.90596369e-01
   1975.0000  +2.99099323e-01  +9.91962363e-01
   1985.0000  +2.99984033e-01  +9.90098008e-01
   1995.0000  +2.97380385e-01  +9.91634819e-01
   2005.0000  +2.92876858e-01  +9.90081357e-01
   2015.0000  +2.90030142e-01  +9.89901256e-01
   2025.0000  +2.98731333e-01  +9.90489767e-01
   2035.0000  +2.97016865e-01  +9.91266769e-01
   2045.0000  +2.90598806e-01  +9.90365902e-01
   2055.0000  +2.91919465e-01  +9.89785348e-01
   2065.0000  +2.92770628e-01  +9.90376753e-01
   2075.0000  +2.91469295e-01  +9.91063107e-01
   2085.0000  +2.92657352e-01  +9.90088595e-01
   2095.0000  +2.96698881e-01  +9.90354659e-01
   2105.0000  +2.89752733e-01  +9.90100462e-01
   2115.0000  +2.89614089e-01  +9.89771399e-01
   2125.0000  +2.90479492e-01  +9.90615255e-01
   2135.0000  +2.87062052e-01  +9.90379634e-01
   2145.0000  +2.87823249e-01  +9.89880592e-01
   2155.0000  +2.83322197e-01  +9.89017948e-01
   2165.0000  +2.43251114e-01  +9.83936787e-01
   2175.0000  +2.84186548e-01  +9.88123741e-01
   2185.0000  +2.86291526e-01  +9.89522096e-01
   2195.0000  +2.88339780e-01  +9.90204415e-01
   2205.0000  +2.89296165e-01  +9.90951849e-01
   2215.0000  +2.84629805e-01  +9.90034645e-01
   2225.0000  +2.91531643e-01  +9.90406049e-01
   2235.0000  +2.91568388e-01  +9.90175525e-01
   2245.0000  +2.87018894e-01  +9.90600720e-01
   2255.0000  +2.85994036e-01  +9.90550245e-01
   2265.0000  +2.90385714e-01  +9.90253946e-01
   2275.0000  +2.85409928e-01  +9.90647869e-01
   2285.0000  +2.89883119e-01  +9.90254962e-01
   2295.0000  +3.58490100e-01  +9.87371776e-01
   2305.0000  +3.21506451e-01  +9.88042985e-01
   2315.0000  +3.11272788e-01  +9.88494713e-01
   2325.0000  +4.00673790e-01  +9.88349765e-01
   2335.0000  +3.38857458e-01  +9.88360969e-01
   2345.0000  +3.19357272e-01  +9.89210446e-01
   2355.0000  +4.14231934e-01  +9.88222820e-01
   2365.0000  +3.46385791e-01  +9.88657774e-01
   2375.0000  +3.23030832e-01  +9.88399627e-01
   2385.0000  +4.10586156e-01  +9.87164982e-01
   2395.0000  +3.53400443e-01  +9.87956074e-01
   2405.0000  +3.30937661e-01  +9.87801462e-01
   2415.0000  +3.96015158e-01  +9.87093613e-01
   2425.0000  +3.55118019e-01  +9.87072595e-01
   2435.0000  +3.37355941e-01  +9.88856894e-01
   2445.0000  +3.74557286e-01  +9.86873035e-01
   2455.0000  +3.63170654e-01  +9.87559849e-01
   2465.0000  +3.33596129e-01  +9.87565336e-01
   2475.0000  +3.49528635e-01  +9.87470276e-01
   2485.0000  +3.61360694e-01  +9.86519845e-01
   2495.0000  +3.41747798e-01  +9.87933781e-01
   2505.0000  +3.23108877e-01  +9.88091196e-01
   2515.0000  +3.61141400e-01  +9.87157371e-01
   2525.0000  +3.31660746e-01  +9.88362532e-01
   2535.0000  +3.22855190e-01  +9.88604630e-01
   2545.0000  +3.34384730e-01  +9.88032015e-01
   2555.0000  +3.28112499e-01  +9.87931489e-01
   2565.0000  +3.21779422e-01  +9.88942690e-01
   2575.0000  +3.13731726e-01  +9.86809042e-01
   2585.0000  +3.33613990e-01  +9.87873824e-01
   2595.0000  +3.19571740e-01  +9.88313156e-01
   2605.0000  +3.09420479e-01  +9.87218434e-01
   2615.0000  +3.09666340e-01  +9.87287212e-01
   2625.0000  +2.58999104e-01  +9.80425113e-01
   2635.0000  +3.04343238e-01  +9.86678337e-01
   2645.0000  +3.05733813e-01  +9.88461784e-01
   2655.0000  +3.08441848e-01  +9.89025760e-01
   2665.0000  +3.09956705e-01  +9.89504521e-01
   2675.0000  +2.96862640e-01  +9.89276773e-01
   2685.0000  +2.96320363e-01  +9.88607505e-01
   2695.0000  +3.03322817e-01  +9.88277029e-01
   2705.0000  +2.98421527e-01  +9.90608112e-01
   2715.0000  +2.96688526e-01  +9.88619895e-01
   2725.0000  +2.93775453e-01  +9.89381945e-01
   2735.0000  +2.96581109e-01  +9.90149275e-01
   2745.0000  +2.90909676e-01  +9.89259741e-01
   2755.0000  +2.85438931e-01  +9.91194164e-01
   2765.0000  +2.85928558e-01  +9.89136339e-01
   2775.0000  +2.92712506e-01  +9.89354242e-01
   2785.0000  +2.90363829e-01  +9.90075159e-01
   2795.0000  +2.87285933e-01  +9.90797274e-01
   2805.0000  +2.87939942e-01  +9.89170089e-01
   2815.0000  +2.86994688e-01  +9.90936711e-01
   2825.0000  +2.86827998e-01  +9.89499812e-01
   2835.0000  +2.83227366e-01  +9.90860995e-01
   2845.0000  +2.84919895e-01  +9.90710621e-01
   2855.0000  +2.83673224e-01  +9.90635505e-01
   2865.0000  +2.77967636e-01  +9.88297431e-01
   2875.0000  +2.74800748e-01  +9.91211458e-01
   2885.0000  +2.79662036e-01  +9.89803010e-01
   2895.0000  +2.82157722e-01  +9.91560821e-01
   2905.0000  +2.80832871e-01  +9.90857517e-01
   2915.0000  +2.79444556e-01  +9.90315941e-01
   2925.0000  +2.84548444e-01  +9.91717112e-01
   2935.0000  +2.83037921e-01  +9.89973405e-01
   2945.0000  +2.84173351e-01  +9.91510045e-01
   2955.0000  +2.81145406e-01  +9.91537240e-01
   2965.0000  +2.77707504e-01  +9.91325595e-01
   2975.0000  +2.78932054e-01  +9.91947491e-01
   2985.0000  +2.81075126e-01  +9.89972841e-01
   2995.0000  +2.80476728e-01  +9.91661318e-01
   3005.0000  +2.78409257e-01  +9.91101816e-01
   3015.0000  +2.77754164e-01  +9.90130014e-01
   3025.0000  +2.77758966e-01  +9.90661110e-01
   3035.0000  +2.68760471e-01  +9.89353247e-01
   3045.0000  +2.67474472e-01  +9.89868966e-01
   3055.0000  +2.78846171e-01  +9.90463694e-01
   3065.0000  +2.78436827e-01  +9.91950283e-01
   3075.0000  +2.75812909e-01  +9.91192482e-01
   3085.0000  +2.79777474e-01  +9.90655796e-01
   3095.0000  +2.79264608e-01  +9.89934689e-01
   3105.0000  +2.76168302e-01  +9.91479563e-01
   3115.0000  +2.78675470e-01  +9.89562906e-01
   3125.0000  +2.77432657e-01  +9.90773566e-01
   3135.0000  +2.74727378e-01  +9.92058947e-01
   3145.0000  +2.75657753e-01  +9.91066279e-01
   3155.0000  +2.76435265e-01  +9.89811509e-01
   3165.0000  +2.79221948e-01  +9.91180731e-01
   3175.0000  +2.76415644e-01  +9.91062597e-01
   3185.0000  +2.78095010e-01  +9.90774971e-01
   3195.0000  +2.75204156e-01  +9.90251704e-01
   3210.0000  +2.75178159e-01  +9.92120885e-01
   3230.0000  +2.77754193e-01  +9.90110662e-01
   3250.0000  +2.76976253e-01  +9.90777263e-01
   3270.0000  +2.76629339e-01  +9.91601011e-01
   3290.0000  +2.62039199e-01  +9.89480693e-01
   3310.0000  +2.72913219e-01  +9.90367436e-01
   3330.0000  +2.76664609e-01  +9.90938004e-01
   3350.0000  +2.73978345e-01  +9.92558696e-01
   3370.0000  +2.75690151e-01  +9.91480528e-01
   3390.0000  +2.74937786e-01  +9.92486039e-01
   3410.0000  +2.77302806e-01  +9.91537979e-01
   3430.0000  +2.75912678e-01  +9.91499364e-01
   3450.0000  +2.75048968e-01  +9.91289544e-01
   3470.0000  +2.75477430e-01  +9.91478196e-01
   3490.0000  +2.74996013e-01  +9.91501773e-01
   3510.0000  +2.73780821e-01  +9.91514661e-01
   3530.0000  +2.75541143e-01  +9.91558192e-01
   3550.0000  +2.73786543e-01  +9.91513775e-01
   3570.0000  +2.74057526e-01  +9.91785266e-01
   3590.0000  +2.74453609e-01  +9.91822338e-01
   3610.0000  +2.72513614e-01  +9.91657070e-01
   3630.0000  +2.70952249e-01  +9.92797891e-01
   3650.0000  +2.74108340e-01  +9.91775431e-01
   3670.0000  +2.74197224e-01  +9.91829247e-01
   3690.0000  +2.76650328e-01  +9.91893667e-01
   3710.0000  +2.77239670e-01  +9.92607013e-01
   3730.0000  +2.65966425e-01  +9.89917856e-01
   3750.0000  +2.65918131e-01  +9.90382342e-01
   3770.0000  +2.73878934e-01  +9.91797226e-01
   3790.0000  +2.75053625e-01  +9.91891301e-01
   3810.0000  +2.72798940e-01  +9.92043193e-01
   3830.0000  +2.71600088e-01  +9.92095179e-01
   3850.0000  +2.71350193e-01  +9.91931571e-01
   3870.0000  +2.72996151e-01  +9.91987514e-01
   3890.0000  +2.71516109e-01  +9.92091661e-01
   3910.0000  +2.70183254e-01  +9.92259167e-01
   3930.0000  +2.70468254e-01  +9.91941881e-01
   3950.0000  +2.73529769e-01  +9.91960662e-01
   3970.0000  +2.72318741e-01  +9.92095463e-01
   3990.0000  +2.73534448e-01  +9.92903912e-01
   4010.0000  +2.71408640e-01  +9.91608435e-01
   4030.0000  +2.69596112e-01  +9.91726918e-01
   4050.0000  +2.50293639e-01  +9.88658941e-01
   4070.0000  +2.71297571e-01  +9.91310882e-01
   4090.0000  +2.70704193e-01  +9.92134421e-01
   4110.0000  +2.68395887e-01  +9.93110387e-01
   4130.0000  +2.69314532e-01  +9.92184491e-01
   4150.0000  +2.69347490e-01  +9.92167174e-01
   4170.0000  +2.67886736e-01  +9.92015239e-01
   4190.0000  +2.69385296e-01  +9.92041609e-01
   4210.0000  +2.71531652e-01  +9.92048433e-01
   4230.0000  +2.68881219e-01  +9.91944002e-01
   4250.0000  +2.70746365e-01  +9.92083975e-01
   4270.0000  +2.68692909e-01  +9.92233433e-01
   4290.0000  +3.16279333e-01  +9.94550261e-01
   4310.0000  +3.44631443e-01  +9.93777916e-01
   4330.0000  +3.14207594e-01  +9.92778683e-01
   4350.0000  +3.63258534e-01  +9.94814700e-01
   4370.0000  +3.59293403e-01  +9.93325129e-01
   4390.0000  +3.53103198e-01  +9.92368205e-01
   4410.0000  +4.09538204e-01  +9.95217662e-01
   4430.0000  +3.90319986e-01  +9.93996354e-01
   4450.0000  +3.86630714e-01  +9.94053220e-01
   4470.0000  +4.32428471e-01  +9.95265484e-01
   4490.0000  +3.97324063e-01  +9.94270732e-01
   4510.0000  +4.07563494e-01  +9.94430984e-01
   4530.0000  +4.42117127e-01  +9.95271812e-01
   4550.0000  +4.10440574e-01  +9.94417397e-01
   4570.0000  +4.02571600e-01  +9.94310957e-01
   4590.0000  +4.45842259e-01  +9.95288544e-01
   4610.0000  +4.09129939e-01  +9.94600150e-01
   4630.0000  +4.10065885e-01  +9.94198184e-01
   4650.0000  +3.94425298e-01  +9.92052086e-01
   4670.0000  +3.96360610e-01  +9.93577092e-01
   4690.0000  +3.95470976e-01  +9.94052236e-01
   4710.0000  +4.12889164e-01  +9.94399387e-01
   4730.0000  +3.87364632e-01  +9.94017436e-01
   4750.0000  +3.92313160e-01  +9.94342591e-01
   4770.0000  +3.94070488e-01  +9.94480825e-01
   4790.0000  +3.92164307e-01  +9.94337498e-01
   4810.0000  +3.99096794e-01  +9.94624166e-01
   4830.0000  +3.71011042e-01  +9.94466306e-01
   4850.0000  +3.76168020e-01  +9.93982456e-01
   4870.0000  +3.85573971e-01  +9.94271930e-01
   4890.0000  +3.76975309e-01  +9.94261368e-01
   4910.0000  +3.80572782e-01  +9.94263526e-01
   4930.0000  +3.79002229e-01  +9.94118800e-01
   4950.0000  +3.81420996e-01  +9.94317106e-01
   4970.0000  +3.71582532e-01  +9.94706824e-01
   4990.0000  +3.79686625e-01  +9.94530487e-01
   5010.0000  +3.65641003e-01  +9.94480912e-01
   5030.0000  +3.66299242e-01  +9.94258668e-01
   5050.0000  +3.72223308e-01  +9.94402310e-01
   5070.0000  +3.67403698e-01  +9.93917432e-01
   5090.0000  +3.64159815e-01  +9.93759882e-01
   5110.0000  +3.69440986e-01  +9.93889659e-01
   5130.0000  +3.50682169e-01  +9.92005219e-01
   5150.0000  +3.62589325e-01  +9.93623353e-01
   5170.0000  +3.49905475e-01  +9.93872450e-01
   5190.0000  +3.55358646e-01  +9.93703711e-01
   5210.0000  +3.52312337e-01  +9.93687057e-01
   5230.0000  +3.55892340e-01  +9.93519544e-01
   5250.0000  +3.43254500e-01  +9.93335071e-01
   5270.0000  +3.35803343e-01  +9.93452014e-01
   5290.0000  +3.48939087e-01  +9.93525962e-01
   5310.0000  +3.47239486e-01  +9.93382651e-01
   5330.0000  +3.38922370e-01  +9.93441389e-01
   5350.0000  +3.38188942e-01  +9.93373530e-01
   5370.0000  +3.34746940e-01  +9.93323656e-01
   5390.0000  +3.31964584e-01  +9.93304178e-01
   5410.0000  +3.31804438e-01  +9.93366897e-01
   5430.0000  +3.37546612e-01  +9.93573795e-01
   5450.0000  +3.27580808e-01  +9.92948142e-01
   5470.0000  +3.26892228e-01  +9.93180618e-01
   5490.0000  +3.25821131e-01  +9.93279759e-01
   5510.0000  +3.27479057e-01  +9.93023871e-01
   5530.0000  +3.09328638e-01  +9.93246037e-01
   5550.0000  +3.27674588e-01  +9.93966061e-01
   5570.0000  +3.11024267e-01  +9.93012410e-01
   5590.0000  +3.15197488e-01  +9.93467794e-01
   5610.0000  +3.13121981e-01  +9.93883643e-01
   5630.0000  +3.18685782e-01  +9.93499798e-01
   5650.0000  +3.07688639e-01  +9.93715452e-01
   5670.0000  +3.08080387e-01  +9.93074803e-01
   5690.0000  +3.14820178e-01  +9.93379842e-01
   5710.0000  +3.02857967e-01  +9.92565430e-01
   5730.0000  +3.03219370e-01  +9.93468685e-01
   5750.0000  +2.99578950e-01  +9.93318581e-01
   5770.0000  +3.05856488e-01  +9.92879299e-01
   5790.0000  +2.93282221e-01  +9.93607046e-01
   5810.0000  +3.01407318e-01  +9.93477718e-01
   5830.0000  +2.97877135e-01  +9.93336951e-01
   5850.0000  +2.94784242e-01  +9.92884053e-01
   5870.0000  +2.99659654e-01  +9.93143997e-01
   5890.0000  +2.94330179e-01  +9.92394616e-01
   5910.0000  +2.82971028e-01  +9.90599957e-01
   5930.0000  +2.91828299e-01  +9.92980372e-01
   5950.0000  +2.92954998e-01  +9.92890826e-01
   5970.0000  +2.87791738e-01  +9.92342561e-01
   5990.0000  +2.86675829e-01  +9.92370698e-01
   6010.0000  +2.85251309e-01  +9.92641091e-01
   6030.0000  +2.84915766e-01  +9.92644641e-01
   6050.0000  +2.87642289e-01  +9.92332356e-01
   6070.0000  +2.86292037e-01  +9.92640454e-01
   6090.0000  +2.84467202e-01  +9.91916741e-01
   6110.0000  +2.85641173e-01  +9.92715693e-01
   6130.0000  +2.84312951e-01  +9.91500089e-01
   6150.0000  +2.80484786e-01  +9.92701194e-01
   6170.0000  +2.77610452e-01  +9.92556378e-01
   6190.0000  +2.75397925e-01  +9.92214323e-01
   6210.0000  +2.73382242e-01  +9.91661595e-01
   6230.0000  +2.75226196e-01  +9.91012277e-01
   6250.0000  +2.77632081e-01  +9.92163455e-01
   6270.0000  +2.75787354e-01  +9.92534588e-01
   6290.0000  +2.73508281e-01  +9.91970537e-01
   6310.0000  +2.74114761e-01  +9.91179947e-01
   6330.0000  +2.70537946e-01  +9.90847274e-01
   6350.0000  +2.71017135e-01  +9.92378202e-01
   6370.0000  +2.67061478e-01  +9.90657938e-01
   6390.0000  +2.69345819e-01  +9.90627307e-01
   6420.0000  +2.68631259e-01  +9.90981222e-01
   6460.0000  +2.67498430e-01  +9.90987586e-01
   6500.0000  +2.63762290e-01  +9.92109567e-01
   6540.0000  +2.65162328e-01  +9.91058520e-01
   6580.0000  +2.60089706e-01  +9.92525642e-01
   6620.0000  +2.62934404e-01  +9.90752979e-01
   6660.0000  +2.59065134e-01  +9.92552033e-01
   6700.0000  +2.57374781e-01  +9.91973806e-01
   6740.0000  +2.60741655e-01  +9.91425412e-01
   6780.0000  +2.57410988e-01  +9.92523152e-01
   6820.0000  +2.58950064e-01  +9.91060897e-01
   6860.0000  +2.55496450e-01  +9.92773764e-01
   6900.0000  +2.55936545e-01  +9.92165413e-01
   6940.0000  +2.57644355e-01  +9.90509866e-01
   6980.0000  +2.56949226e-01  +9.90598554e-01
   7020.0000  +2.58369153e-01  +9.91222452e-01
   7060.0000  +2.57051062e-01  +9.91232222e-01
   7100.0000  +2.56683040e-01  +9.90244549e-01
   7140.0000  +2.53071851e-01  +9.92313945e-01
   7180.0000  +2.52634120e-01  +9.92910575e-01
   7220.0000  +2.51801951e-01  +9.92412128e-01
   7260.0000  +2.55249935e-01  +9.90726739e-01
   7300.0000  +2.55603935e-01  +9.89948713e-01
   7340.0000  +2.53537667e-01  +9.92495248e-01
   7380.0000  +2.55097994e-01  +9.90945478e-01
   7420.0000  +2.55569440e-01  +9.90544701e-01
   7460.0000  +2.46921666e-01  +9.89773545e-01
   7500.0000  +2.48933138e-01  +9.89957299e-01
   7540.0000  +2.54206297e-01  +9.91095902e-01
   7580.0000  +2.53523793e-01  +9.90389122e-01
   7620.0000  +2.52159422e-01  +9.92392498e-01
   7660.0000  +2.51425885e-01  +9.91895543e-01
   7700.0000  +2.53899374e-01  +9.90217470e-01
   7740.0000  +2.53784642e-01  +9.91122849e-01
   7780.0000  +2.53441591e-01  +9.91090185e-01
   7820.0000  +2.50971659e-01  +9.92293649e-01
   7860.0000  +2.52709116e-01  +9.90315305e-01
   7900.0000  +2.53051296e-01  +9.89947298e-01
   7940.0000  +2.53702302e-01  +9.91226956e-01
   7980.0000  +2.53542336e-01  +9.91334013e-01
   8020.0000  +2.52948551e-01  +9.90319490e-01
   8060.0000  +2.53826700e-01  +9.91020015e-01
   8100.0000  +2.53705600e-01  +9.90925251e-01
   8140.0000  +2.53502207e-01  +9.91168587e-01
   8180.0000  +2.52245566e-01  +9.90270009e-01
   8220.0000  +2.53142341e-01  +9.90991909e-01
   8260.0000  +2.52712993e-01  +9.91201566e-01
   8300.0000  +2.52536045e-01  +9.91218632e-01
   8340.0000  +2.52258868e-01  +9.91066239e-01
   8380.0000  +2.52046682e-01  +9.90801821e-01
   8420.0000  +2.49753768e-01  +9.92977385e-01
   8460.0000  +2.52645990e-01  +9.92000711e-01
   8500.0000  +2.51476096e-01  +9.89821432e-01
   8540.0000  +2.52663165e-01  +9.91167175e-01
   8580.0000  +2.52211523e-01  +9.91056151e-01
   8620.0000  +2.52311694e-01  +9.90480368e-01
   8660.0000  +2.52609246e-01  +9.90393153e-01
   8700.0000  +2.50966927e-01  +9.90158949e-01
   8740.0000  +2.50167218e-01  +9.90470590e-01
   8780.0000  +2.51089378e-01  +9.89600719e-01
   8820.0000  +2.52329944e-01  +9.90736439e-01
   8860.0000  +2.52197720e-01  +9.90088319e-01
   8900.0000  +2.51453292e-01  +9.89948105e-01
   8940.0000  +2.47538358e-01  +9.91044753e-01
   8980.0000  +2.48986565e-01  +9.92107662e-01
   9020.0000  +2.51269781e-01  +9.90426345e-01
   9060.0000  +2.52426780e-01  +9.90431138e-01
   9100.0000  +2.52135320e-01  +9.90820872e-01
   9140.0000  +2.52377434e-01  +9.90772468e-01
   9180.0000  +2.48340098e-01  +9.92653332e-01
   9220.0000  +2.50876326e-01  +9.91074417e-01
   9260.0000  +2.52582723e-01  +9.91524170e-01
   9300.0000  +2.47626132e-01  +9.93337292e-01
   9340.0000  +2.51038366e-01  +9.90337140e-01
   9380.0000  +2.49975070e-01  +9.89716224e-01
   9420.0000  +2.51232175e-01  +9.90967637e-01
   9460.0000  +2.48460191e-01  +9.92699106e-01
   9500.0000  +2.49617679e-01  +9.90748525e-01
   9540.0000  +2.50795260e-01  +9.90794192e-01
   9580.0000  +2.52318199e-01  +9.91436529e-01
   9620.0000  +2.46080856e-01  +9.91575952e-01
   9660.0000  +2.51378721e-01  +9.90235099e-01
   9700.0000  +2.50018086e-01  +9.91138086e-01
   9740.0000  +2.47176175e-01  +9.91863896e-01
   9780.0000  +2.50162238e-01  +9.90177519e-01
   9820.0000  +2.50239501e-01  +9.91015185e-01
   9860.0000  +2.51500562e-01  +9.91673972e-01
   9900.0000  +2.51453196e-01  +9.89759162e-01
   9940.0000  +2.51263189e-01  +9.91164194e-01
   9980.0000  +2.50826993e-01  +9.90748034e-01
  10020.0000  +2.50645322e-01  +9.91658092e-01
  20000.0000  +2.48133026e-01  +9.91323850e-01
  40000.0100  +2.48199888e-01  +9.91446136e-01
  60000.0100  +2.48782469e-01  +9.91364397e-01
  80000.0100  +2.49411762e-01  +9.90589165e-01
 100000.0100  +2.51697807e-01  +9.91595215e-01
 120000.0200  +2.51805696e-01  +9.91364118e-01
 140000.0200  +2.52712792e-01  +9.91549401e-01
 160000.0200  +2.53765997e-01  +9.91211430e-01
