# wavelength_nm   slope_a   correlation_r
     44.1000  -5.69363393e-01  -1.50711418e-01
     45.1000  -5.69364319e-01  -1.50711854e-01
     46.0000  -5.69366524e-01  -1.50712893e-01
     47.0000  -5.69368846e-01  -1.50713987e-01
     48.0000  -5.69369368e-01  -1.50714233e-01
     49.0000  -5.69368851e-01  -1.50713989e-01
     50.0000  -5.69376780e-01  -1.50717725e-01
     50.6000  +1.20204118e+00  +6.14268997e-01
     51.2000  +5.30497370e-01  +2.31311477e-01
     52.0000  -5.69370110e-01  -1.50714583e-01
     53.0000  -5.69365221e-01  -1.50712279e-01
     54.0000  -5.69369617e-01  -1.50714350e-01
     55.0000  -5.69357896e-01  -1.50708827e-01
     56.0000  -5.69365770e-01  -1.50712537e-01
     57.0000  -5.69362078e-01  -1.50710798e-01
     58.0000  -3.72936058e-01  -1.09589587e-01
     59.0000  -5.69369413e-01  -1.50714254e-01
     60.0000  -5.69379724e-01  -1.50719112e-01
     61.0000  -5.69385584e-01  -1.50721872e-01
     62.0000  -3.72932000e-01  -1.09588374e-01
     63.0000  -3.72924490e-01  -1.09584446e-01
     64.0000  -3.72942026e-01  -1.09592569e-01
     65.0000  -3.72941351e-01  -1.09592176e-01
     65.8000  -3.72930378e-01  -1.09587243e-01
     66.5000  -3.72931901e-01  -1.09588001e-01
     67.5000  -3.72945726e-01  -1.09594724e-01
     68.5000  -3.72940643e-01  -1.09592260e-01
     69.5000  -3.72950108e-01  -1.09596782e-01
     70.5000  -1.57056157e-01  -5.15335251e-02
     71.6000  -1.57063069e-01  -5.15360683e-02
     72.6000  -1.57050621e-01  -5.15310746e-02
     73.5000  -1.57056311e-01  -5.15330821e-02
     74.5000  -1.57056157e-01  -5.15335254e-02
     75.5000  -1.57079351e-01  -5.15428058e-02
     76.5000  -1.57052418e-01  -5.15318759e-02
     77.5000  -1.57057044e-01  -5.15344436e-02
     78.5000  -1.57069383e-01  -5.15390650e-02
     79.5000  +9.69412157e-01  +3.09745535e-01
     80.5000  +5.98923208e-02  +2.19634388e-02
     81.5000  +5.98899492e-02  +2.19631157e-02
     82.5000  +5.99049309e-02  +2.19677962e-02
     83.5000  +5.98933875e-02  +2.19638951e-02
     84.5000  +5.98921341e-02  +2.19636718e-02
     85.5000  +5.98726190e-02  +2.19571281e-02
     86.5000  +2.87461607e-01  +1.16297736e-01
     87.5000  +2.87483354e-01  +1.16302311e-01
     88.5000  +2.87453838e-01  +1.16295422e-01
     89.5000  +2.87516102e-01  +1.16313975e-01
     90.5000  +2.87455297e-01  +1.16294803e-01
     91.5000  +1.20395736e+00  +6.16658082e-01
     92.5000  +1.20616240e+00  +6.19497594e-01
     93.5000  +1.21000745e+00  +6.24540943e-01
     94.5000  +1.20450932e+00  +6.17468317e-01
     95.5000  +1.66752046e+00  +9.62239434e-01
     96.5000  +1.66788785e+00  +9.62063924e-01
     97.5000  +1.20897780e+00  +6.23554419e-01
     98.5000  +1.63102466e+00  +9.73605301e-01
     99.5000  +1.62637293e+00  +9.74918482e-01
    100.5000  +1.62083491e+00  +9.76436469e-01
    101.5000  +1.61104174e+00  +9.79123176e-01
    102.5000  +1.22656482e+00  +6.49076336e-01
    103.5000  +1.57568524e+00  +9.87593795e-01
    104.5000  +1.57777079e+00  +9.87100664e-01
    105.5000  +1.57383683e+00  +9.87944645e-01
    106.5000  +1.55968174e+00  +9.90730348e-01
    107.5000  +1.55328223e+00  +9.91849471e-01
    108.5000  +1.55009590e+00  +9.92357841e-01
    109.5000  +1.53418590e+00  +9.94702560e-01
    110.5000  +2.15605937e+00  +8.97218137e-01
    111.5000  +2.18458883e+00  +8.86563725e-01
    112.5000  +2.18081671e+00  +8.88551489e-01
    113.5000  +2.18650614e+00  +8.87142031e-01
    114.5000  +2.18891651e+00  +8.86220922e-01
    115.5000  +2.18568118e+00  +8.87165516e-01
    116.5000  +2.18945432e+00  +8.85451635e-01
    117.5000  +2.18935406e+00  +8.85549316e-01
    118.5000  +2.19079248e+00  +8.84404018e-01
    119.5000  +2.12370335e+00  +8.70968784e-01
    120.5000  +2.24266987e+00  +8.60054278e-01
    121.5000  +4.55502835e-01  +1.91101341e-01
    122.5000  +2.24597362e+00  +8.54919135e-01
    123.5000  +2.20984852e+00  +8.75657480e-01
    124.5000  +2.21169115e+00  +8.75594416e-01
    125.5000  +2.21574043e+00  +8.73301636e-01
    126.5000  +2.21429874e+00  +8.72959782e-01
    127.5000  +2.21146099e+00  +8.73627015e-01
    128.5000  +2.22707037e+00  +8.65404125e-01
    129.5000  +2.22425103e+00  +8.65688393e-01
    130.5000  +2.10575098e+00  +8.43746412e-01
    131.5000  +2.22512479e+00  +8.62228864e-01
    132.5000  +2.21709526e+00  +8.60173431e-01
    133.5000  +2.20314212e+00  +8.63667899e-01
    134.5000  +2.20401569e+00  +8.62294569e-01
    135.5000  +2.20343964e+00  +8.61136356e-01
    136.5000  +2.18125508e+00  +8.65101269e-01
    137.5000  +2.17641307e+00  +8.62629385e-01
    138.5000  +2.15458679e+00  +8.71283063e-01
    139.5000  +2.14430043e+00  +8.68684081e-01
    140.5000  +2.14504154e+00  +8.70583980e-01
    141.5000  +2.13870390e+00  +8.72080915e-01
    142.5000  +2.14284938e+00  +8.70894663e-01
    143.5000  +2.13104800e+00  +8.77001127e-01
    144.2000  +2.16487359e+00  +8.70898886e-01
    144.7000  +2.13845552e+00  +8.73091625e-01
    145.5000  +2.13879633e+00  +8.73942113e-01
    146.5000  +2.14670236e+00  +8.77157705e-01
    147.5000  +2.14961600e+00  +8.76812031e-01
    148.5000  +2.13757664e+00  +8.76812283e-01
    149.5000  +2.14716295e+00  +8.76779901e-01
    150.5000  +2.14923534e+00  +8.78680548e-01
    151.2000  +2.10252816e+00  +8.79782669e-01
    151.7000  +2.13312774e+00  +8.73247422e-01
    152.5000  +1.93882331e+00  +9.60117504e-01
    153.5000  +1.90382511e+00  +9.69529350e-01
    154.5000  +1.90300175e+00  +9.68840734e-01
    155.5000  +1.88206402e+00  +9.73952646e-01
    156.5000  +1.87984929e+00  +9.73192426e-01
    157.5000  +1.82858784e+00  +9.82751097e-01
    158.5000  +1.82849678e+00  +9.82982687e-01
    159.5000  +1.82291136e+00  +9.83759052e-01
    160.5000  +1.83094932e+00  +9.82775694e-01
    161.5000  +1.83436504e+00  +9.82303249e-01
    162.5000  +1.82537373e+00  +9.82883925e-01
    163.5000  +1.81742501e+00  +9.84468297e-01
    164.5000  +1.80963729e+00  +9.85783302e-01
    165.5000  +1.81751924e+00  +9.83983874e-01
    166.5000  +1.80170001e+00  +9.86958038e-01
    167.2000  +1.81170087e+00  +9.83076486e-01
    167.7000  +1.75777530e+00  +9.91156050e-01
    168.5000  +1.75738801e+00  +9.91552646e-01
    169.5000  +1.74416849e+00  +9.93055315e-01
    170.5000  +1.75359704e+00  +9.91742271e-01
    171.5000  +1.77671479e+00  +9.87327686e-01
    172.5000  +1.76128048e+00  +9.89735142e-01
    173.5000  +1.77751664e+00  +9.85942473e-01
    174.5000  +1.78177357e+00  +9.84178037e-01
    175.5000  +1.81267548e+00  +9.75319145e-01
    176.5000  +1.75689867e+00  +9.88528565e-01
    177.5000  +1.80341292e+00  +9.78336356e-01
    178.5000  +1.80473071e+00  +9.77064052e-01
    179.5000  +1.88087512e+00  +9.52442592e-01
    180.5000  +1.82009310e+00  +9.71632082e-01
    181.5000  +1.76839974e+00  +9.85702981e-01
    182.5000  +1.78839270e+00  +9.79676676e-01
    183.5000  +1.76804083e+00  +9.85017280e-01
    184.5000  +1.72419130e+00  +9.93877568e-01
    185.5000  +1.79674344e+00  +9.77555629e-01
    186.5000  +1.83187709e+00  +9.66864857e-01
    187.5000  +1.81985618e+00  +9.70436538e-01
    188.5000  +1.82455397e+00  +9.68559533e-01
    189.5000  +1.83904010e+00  +9.63212036e-01
    190.5000  +1.82937618e+00  +9.66578589e-01
    191.5000  +1.81646094e+00  +9.70220641e-01
    192.5000  +1.75001161e+00  +9.87504865e-01
    193.5000  +1.70110944e+00  +9.96463845e-01
    194.5000  +1.80037431e+00  +9.74274974e-01
    195.5000  +1.79402496e+00  +9.75838498e-01
    196.7000  +1.83300170e+00  +9.63816657e-01
    197.6000  +1.77137067e+00  +9.81074961e-01
    198.4000  +1.85078135e+00  +9.57382164e-01
    199.5000  +1.88843420e+00  +9.44733846e-01
    200.5000  +1.85884811e+00  +9.54491950e-01
    201.5000  +1.84586447e+00  +9.58823575e-01
    202.5000  +1.77277443e+00  +9.80611684e-01
    203.5000  +1.83096982e+00  +9.63331638e-01
    204.5000  +1.83913067e+00  +9.60563495e-01
    205.5000  +1.80509993e+00  +9.70894943e-01
    206.5000  +1.79556824e+00  +9.73717791e-01
    207.4000  +1.77786086e+00  +9.78341709e-01
    207.8000  +2.16493176e+00  +8.66325119e-01
    208.5000  +2.20652201e+00  +8.54418476e-01
    209.5000  +2.18952530e+00  +8.59221309e-01
    210.5000  +2.16633512e+00  +8.67577601e-01
    211.5000  +2.17541768e+00  +8.64918002e-01
    212.5000  +2.15541655e+00  +8.71830496e-01
    213.5000  +2.13464894e+00  +8.78160703e-01
    214.5000  +2.16263269e+00  +8.70730325e-01
    215.5000  +2.16180342e+00  +8.69464567e-01
    216.5000  +2.11504838e+00  +8.83590988e-01
    217.5000  +2.11923606e+00  +8.79883640e-01
    218.5000  +2.15049117e+00  +8.75558646e-01
    219.5000  +2.12609176e+00  +8.79932321e-01
    220.5000  +2.11713706e+00  +8.84085608e-01
    221.5000  +2.06129820e+00  +8.99177930e-01
    222.5000  +2.08697320e+00  +8.93475653e-01
    223.5000  +2.10816623e+00  +8.90127393e-01
    224.5000  +2.10076798e+00  +8.91915536e-01
    225.5000  +2.04680219e+00  +9.06151842e-01
    226.5000  +2.02975100e+00  +9.08989894e-01
    227.5000  +2.01440038e+00  +9.13407404e-01
    228.5000  +2.07588810e+00  +9.00585395e-01
    229.5000  +2.04136915e+00  +9.08047071e-01
    230.5000  +2.07094333e+00  +9.02268291e-01
    231.5000  +2.02490372e+00  +9.13125423e-01
    232.5000  +1.97263926e+00  +9.28170507e-01
    233.5000  +1.91631542e+00  +9.43068354e-01
    234.5000  +1.80208360e+00  +9.73411399e-01
    235.5000  +1.97299607e+00  +9.27661272e-01
    236.5000  +1.81277288e+00  +9.71041803e-01
    237.5000  +1.87276543e+00  +9.55130543e-01
    238.5000  +1.73837161e+00  +9.86898795e-01
    239.5000  +1.77876920e+00  +9.78507629e-01
    240.5000  +1.76322144e+00  +9.81445404e-01
    241.5000  +1.84026089e+00  +9.63746724e-01
    242.5000  +1.96191330e+00  +9.32785662e-01
    243.5000  +1.94662877e+00  +9.37638960e-01
    244.5000  +1.97028759e+00  +9.31762660e-01
    245.5000  +1.98084521e+00  +9.29727702e-01
    246.5000  +1.94605472e+00  +9.36443709e-01
    247.5000  +1.92170205e+00  +9.42091447e-01
    248.5000  +1.74541790e+00  +9.84943616e-01
    249.5000  +1.84568509e+00  +9.62070788e-01
    250.5000  +1.92525616e+00  +9.40494158e-01
    251.3000  +1.63875107e+00  +9.98844853e-01
    251.8000  +1.61323769e+00  +9.99881462e-01
    252.5000  +1.64664614e+00  +9.98390517e-01
    253.5000  +1.81773893e+00  +9.68825182e-01
    254.5000  +1.80269532e+00  +9.71453758e-01
    255.5000  +1.90127646e+00  +9.56200906e-01
    256.5000  +1.85414194e+00  +9.64274038e-01
    257.5000  +1.87965441e+00  +9.60651113e-01
    258.5000  +1.85875214e+00  +9.63826780e-01
    259.5000  +1.82352805e+00  +9.70696520e-01
    260.5000  +1.78640494e+00  +9.76288860e-01
    261.5000  +1.76406317e+00  +9.80992270e-01
    262.5000  +1.81683600e+00  +9.69996433e-01
    263.5000  +1.88338359e+00  +9.60925580e-01
    264.5000  +1.89353139e+00  +9.60895617e-01
    265.5000  +1.87508913e+00  +9.67205962e-01
    266.5000  +1.87265332e+00  +9.64360278e-01
    267.5000  +1.88108391e+00  +9.63432752e-01
    268.5000  +1.87425231e+00  +9.66074026e-01
    269.5000  +1.86992777e+00  +9.65367856e-01
    270.5000  +1.86072163e+00  +9.68108047e-01
    271.5000  +1.85216453e+00  +9.67791656e-01
    272.5000  +1.83460065e+00  +9.65791910e-01
    273.5000  +1.85817051e+00  +9.64168709e-01
    274.5000  +1.73426725e+00  +9.84535970e-01
    275.5000  +1.79633480e+00  +9.75432360e-01
    276.5000  +1.82218313e+00  +9.71344578e-01
    277.5000  +1.80688048e+00  +9.72875919e-01
    278.5000  +1.66992971e+00  +9.93944216e-01
    279.5000  +1.56783007e+00  +9.99922370e-01
    280.5000  +1.58393379e+00  +9.99683931e-01
    281.5000  +1.75447268e+00  +9.81685045e-01
    282.5000  +1.84134173e+00  +9.67725754e-01
    283.5000  +1.84451620e+00  +9.66055461e-01
    284.5000  +1.76953114e+00  +9.77089506e-01
    285.5000  +1.63820638e+00  +9.97452685e-01
    286.5000  +1.85466790e+00  +9.61438146e-01
    287.5000  +1.86245664e+00  +9.66686538e-01
    288.5000  +1.82727928e+00  +9.72092600e-01
    289.5000  +1.82281705e+00  +9.75179229e-01
    291.0000  +1.80421622e+00  +9.77717863e-01
    293.0000  +1.79997689e+00  +9.78603789e-01
    295.0000  +1.81293063e+00  +9.76332909e-01
    297.0000  +1.81619954e+00  +9.76037375e-01
    299.0000  +1.81044623e+00  +9.77155139e-01
    301.0000  +1.82382008e+00  +9.74293642e-01
    303.0000  +1.80361212e+00  +9.78055017e-01
    305.0000  +1.80241260e+00  +9.77917681e-01
    307.0000  +1.77121848e+00  +9.81803027e-01
    309.0000  +1.77191002e+00  +9.81005513e-01
    311.0000  +1.72892536e+00  +9.85721916e-01
    313.0000  +1.75200178e+00  +9.82332955e-01
    315.0000  +1.70328190e+00  +9.86002437e-01
    317.0000  +1.68580260e+00  +9.86809621e-01
    319.0000  +1.70303273e+00  +9.86228416e-01
    321.0000  +1.71556399e+00  +9.84918236e-01
    323.0000  +1.70106608e+00  +9.85708008e-01
    325.0000  +1.65915956e+00  +9.89506363e-01
    327.0000  +1.64418458e+00  +9.90271434e-01
    329.0000  +1.61975814e+00  +9.90873899e-01
    331.0000  +1.65236359e+00  +9.89070622e-01
    333.0000  +1.63971075e+00  +9.90252775e-01
    335.0000  +1.64959492e+00  +9.89393945e-01
    337.0000  +1.68359457e+00  +9.87525396e-01
    339.0000  +1.68728773e+00  +9.87055472e-01
    341.0000  +1.67870838e+00  +9.87777055e-01
    343.0000  +1.66096140e+00  +9.89054925e-01
    345.0000  +1.66212381e+00  +9.90080357e-01
    347.0000  +1.66611897e+00  +9.90241932e-01
    349.0000  +1.62878885e+00  +9.92287962e-01
    351.0000  +1.59636265e+00  +9.93247898e-01
    353.0000  +1.60805394e+00  +9.92936387e-01
    355.0000  +1.59398526e+00  +9.93010078e-01
    357.0000  +1.67187953e+00  +9.89128029e-01
    359.0000  +1.64160154e+00  +9.92166781e-01
    361.0000  +1.59958329e+00  +9.94326560e-01
    363.0000  +1.56733265e+00  +9.95086621e-01
    364.0000  +1.55323039e+00  +9.95051736e-01
    365.0000  +1.53367940e+00  +9.95602664e-01
    367.0000  +1.50139334e+00  +9.96317980e-01
    369.0000  +1.54398364e+00  +9.95914167e-01
    371.0000  +1.57030245e+00  +9.96507648e-01
    373.0000  +1.64699439e+00  +9.93138162e-01
    375.0000  +1.64923649e+00  +9.92317987e-01
    377.0000  +1.57924072e+00  +9.93952091e-01
    379.0000  +1.58479704e+00  +9.92210470e-01
    381.0000  +1.62882308e+00  +9.88853447e-01
    383.0000  +1.62781866e+00  +9.90767492e-01
    385.0000  +1.67504174e+00  +9.83139052e-01
    387.0000  +1.67356742e+00  +9.83373301e-01
    389.0000  +1.60628670e+00  +9.92731721e-01
    391.0000  +1.57559283e+00  +9.91615536e-01
    393.0000  +1.57026892e+00  +9.95220199e-01
    395.0000  +1.56541294e+00  +9.92655940e-01
    397.0000  +1.53912795e+00  +9.96173234e-01
    399.0000  +1.49873606e+00  +9.94383402e-01
    401.0000  +1.47975389e+00  +9.94481833e-01
    403.0000  +1.50826232e+00  +9.94047021e-01
    405.0000  +1.51031609e+00  +9.93948141e-01
    407.0000  +1.53096540e+00  +9.93532631e-01
    409.0000  +1.44523989e+00  +9.96642214e-01
    411.0000  +1.47054576e+00  +9.98096126e-01
    413.0000  +1.50689800e+00  +9.94852912e-01
    415.0000  +1.52965846e+00  +9.94075523e-01
    417.0000  +1.51904397e+00  +9.94470011e-01
    419.0000  +1.50928685e+00  +9.94144493e-01
    421.0000  +1.51030734e+00  +9.94844509e-01
    423.0000  +1.53636203e+00  +9.95218521e-01
    425.0000  +1.49204385e+00  +9.94828387e-01
    427.0000  +1.49566789e+00  +9.94537695e-01
    429.0000  +1.48148020e+00  +9.94676886e-01
    431.0000  +1.44039560e+00  +9.95463846e-01
    433.0000  +1.41745973e+00  +9.97180433e-01
    435.0000  +1.37995492e+00  +9.97886276e-01
    437.0000  +1.40772059e+00  +9.95966750e-01
    439.0000  +1.43759821e+00  +9.95445049e-01
    441.0000  +1.44124516e+00  +9.95992899e-01
    443.0000  +1.41643916e+00  +9.97170947e-01
    445.0000  +1.40079785e+00  +9.97407826e-01
    447.0000  +1.38234794e+00  +9.97765307e-01
    449.0000  +1.36848156e+00  +9.98040685e-01
    451.0000  +1.33409111e+00  +9.98461324e-01
    453.0000  +1.36711876e+00  +9.98321418e-01
    455.0000  +1.34713507e+00  +9.98418439e-01
    457.0000  +1.33635426e+00  +9.98549111e-01
    459.0000  +1.33143763e+00  +9.98631216e-01
    461.0000  +1.32881478e+00  +9.98653172e-01
    463.0000  +1.32884966e+00  +9.98645858e-01
    465.0000  +1.33233472e+00  +9.98707604e-01
    467.0000  +1.31353783e+00  +9.98782841e-01
    469.0000  +1.31393132e+00  +9.98899026e-01
    471.0000  +1.31564459e+00  +9.99054565e-01
    473.0000  +1.32558698e+00  +9.98963649e-01
    475.0000  +1.32521684e+00  +9.99134718e-01
    477.0000  +1.33537636e+00  +9.99237566e-01
    479.0000  +1.32387910e+00  +9.99269297e-01
    481.0000  +1.30045563e+00  +9.99212828e-01
    483.0000  +1.29549968e+00  +9.99397120e-01
    485.0000  +1.26780828e+00  +9.99795802e-01
    487.0000  +1.24565621e+00  +9.99942549e-01
    489.0000  +1.28912164e+00  +9.99486523e-01
    491.0000  +1.28805290e+00  +9.99464761e-01
    493.0000  +1.30318653e+00  +9.99416085e-01
    495.0000  +1.29804140e+00  +9.99543749e-01
    497.0000  +1.30935121e+00  +9.99482599e-01
    499.0000  +1.31861468e+00  +9.99489576e-01
    501.0000  +1.33862711e+00  +9.99443656e-01
    503.0000  +1.33034478e+00  +9.99477587e-01
    505.0000  +1.34897715e+00  +9.99456718e-01
    507.0000  +1.35566053e+00  +9.99484569e-01
    509.0000  +1.36563629e+00  +9.99366942e-01
    511.0000  +1.36622343e+00  +9.99362892e-01
    513.0000  +1.37295796e+00  +9.99341063e-01
    515.0000  +1.38079801e+00  +9.99324567e-01
    517.0000  +1.39151127e+00  +9.99040860e-01
    519.0000  +1.36622187e+00  +9.99301477e-01
    521.0000  +1.34057136e+00  +9.99528188e-01
    523.0000  +1.26829949e+00  +9.99703142e-01
    525.0000  +1.24337011e+00  +9.99807715e-01
    527.0000  +1.28078293e+00  +9.99681532e-01
    529.0000  +1.23453293e+00  +9.99846807e-01
    531.0000  +1.20741786e+00  +9.99913166e-01
    533.0000  +1.24723863e+00  +9.99805149e-01
    535.0000  +1.21903755e+00  +9.99910134e-01
    537.0000  +1.22615916e+00  +9.99909292e-01
    539.0000  +1.23268631e+00  +9.99901254e-01
    541.0000  +1.22579225e+00  +9.99905823e-01
    543.0000  +1.23524107e+00  +9.99898571e-01
    545.0000  +1.22476088e+00  +9.99938714e-01
    547.0000  +1.20964900e+00  +9.99949148e-01
    549.0000  +1.20345319e+00  +9.99949165e-01
    551.0000  +1.21161067e+00  +9.99942773e-01
    553.0000  +1.19029874e+00  +9.99966918e-01
    555.0000  +1.18527595e+00  +9.99975421e-01
    557.0000  +1.18731923e+00  +9.99978606e-01
    559.0000  +1.19838921e+00  +9.99972520e-01
    561.0000  +1.17847557e+00  +9.99978931e-01
    563.0000  +1.17814798e+00  +9.99979713e-01
    565.0000  +1.16947739e+00  +9.99981930e-01
    567.0000  +1.17176898e+00  +9.99985336e-01
    569.0000  +1.16594313e+00  +9.99983237e-01
    571.0000  +1.17865632e+00  +9.99984993e-01
    573.0000  +1.15962921e+00  +9.99965551e-01
    575.0000  +1.15786511e+00  +9.99974609e-01
    577.0000  +1.15408070e+00  +9.99966016e-01
    579.0000  +1.16944708e+00  +9.99983302e-01
    581.0000  +1.15014632e+00  +9.99963978e-01
    583.0000  +1.13891481e+00  +9.99935534e-01
    585.0000  +1.14574050e+00  +9.99950330e-01
    587.0000  +1.14134046e+00  +9.99938616e-01
    589.0000  +1.17701801e+00  +9.99990175e-01
    591.0000  +1.13942609e+00  +9.99938260e-01
    593.0000  +1.13705573e+00  +9.99930067e-01
    595.0000  +1.13666914e+00  +9.99919293e-01
    597.0000  +1.12718983e+00  +9.99894465e-01
    599.0000  +1.12962105e+00  +9.99897461e-01
    601.0000  +1.12987056e+00  +9.99902705e-01
    603.0000  +1.11824807e+00  +9.99871046e-01
    605.0000  +1.11913350e+00  +9.99871788e-01
    607.0000  +1.11903775e+00  +9.99856185e-01
    609.0000  +1.12723893e+00  +9.99906087e-01
    611.0000  +1.11918228e+00  +9.99880252e-01
    613.0000  +1.13457732e+00  +9.99898168e-01
    615.0000  +1.11523973e+00  +9.99846331e-01
    617.0000  +1.13788823e+00  +9.99901233e-01
    619.0000  +1.11211942e+00  +9.99844729e-01
    621.0000  +1.11577723e+00  +9.99815865e-01
    623.0000  +1.11733245e+00  +9.99846774e-01
    625.0000  +1.11870065e+00  +9.99829420e-01
    627.0000  +1.11757402e+00  +9.99818221e-01
    629.0000  +1.10793382e+00  +9.99790341e-01
    631.0000  +1.10932514e+00  +9.99776851e-01
    633.0000  +1.10401723e+00  +9.99778194e-01
    635.0000  +1.10070185e+00  +9.99760886e-01
    637.0000  +1.09934206e+00  +9.99758619e-01
    639.0000  +1.09116488e+00  +9.99727717e-01
    641.0000  +1.09005209e+00  +9.99695534e-01
    643.0000  +1.09041027e+00  +9.99698548e-01
    645.0000  +1.09175227e+00  +9.99681015e-01
    647.0000  +1.09232967e+00  +9.99670238e-01
    649.0000  +1.09354086e+00  +9.99644849e-01
    651.0000  +1.08026654e+00  +9.99555090e-01
    653.0000  +1.07010704e+00  +9.99410075e-01
    655.0000  +1.04161358e+00  +9.98300153e-01
    657.0000  +9.59096444e-01  +9.95455906e-01
    659.0000  +1.05979518e+00  +9.99145551e-01
    661.0000  +1.06835481e+00  +9.99451165e-01
    663.0000  +1.06871271e+00  +9.99550755e-01
    665.0000  +1.06709325e+00  +9.99539292e-01
    667.0000  +1.07034666e+00  +9.99567263e-01
    669.0000  +1.06346073e+00  +9.99512820e-01
    671.0000  +1.07238003e+00  +9.99595582e-01
    673.0000  +1.05804910e+00  +9.99521153e-01
    675.0000  +1.06177543e+00  +9.99511810e-01
    677.0000  +1.05646027e+00  +9.99496115e-01
    679.0000  +1.05968962e+00  +9.99500617e-01
    681.0000  +1.05489134e+00  +9.99485421e-01
    683.0000  +1.04907669e+00  +9.99443047e-01
    685.0000  +1.05374291e+00  +9.99490031e-01
    687.0000  +1.05148600e+00  +9.99452873e-01
    689.0000  +1.04744477e+00  +9.99443346e-01
    691.0000  +1.04516732e+00  +9.99419062e-01
    693.0000  +1.04751470e+00  +9.99439410e-01
    695.0000  +1.04630537e+00  +9.99413948e-01
    697.0000  +1.04097833e+00  +9.99411903e-01
    699.0000  +1.04597291e+00  +9.99385222e-01
    701.0000  +1.04005729e+00  +9.99423002e-01
    703.0000  +1.03725903e+00  +9.99373049e-01
    705.0000  +1.03461076e+00  +9.99362443e-01
    707.0000  +1.03823145e+00  +9.99359300e-01
    709.0000  +1.03739315e+00  +9.99335023e-01
    711.0000  +1.03533087e+00  +9.99221763e-01
    713.0000  +1.03775232e+00  +9.99306566e-01
    715.0000  +1.04110899e+00  +9.99300426e-01
    717.0000  +1.02892049e+00  +9.99241434e-01
    719.0000  +1.03440031e+00  +9.99355609e-01
    721.0000  +1.03371381e+00  +9.99249130e-01
    723.0000  +1.02020416e+00  +9.99209087e-01
    725.0000  +1.02543165e+00  +9.99182085e-01
    727.0000  +1.02080743e+00  +9.99188462e-01
    729.0000  +1.01653963e+00  +9.99244541e-01
    731.0000  +1.01752563e+00  +9.99181405e-01
    733.0000  +1.02028076e+00  +9.99169395e-01
    735.0000  +1.02091079e+00  +9.99185094e-01
    737.0000  +1.01142402e+00  +9.99134221e-01
    739.0000  +1.00857527e+00  +9.99138256e-01
    741.0000  +1.00362562e+00  +9.99076368e-01
    743.0000  +1.00332001e+00  +9.99067177e-01
    745.0000  +1.00537210e+00  +9.99073180e-01
    747.0000  +1.00368187e+00  +9.99021009e-01
    749.0000  +1.00200845e+00  +9.99012707e-01
    751.0000  +9.96433542e-01  +9.99018093e-01
    753.0000  +9.92823711e-01  +9.98958957e-01
    755.0000  +9.91056323e-01  +9.98953054e-01
    757.0000  +9.89722489e-01  +9.98951095e-01
    759.0000  +9.91191556e-01  +9.98940999e-01
    761.0000  +9.88377200e-01  +9.98924323e-01
    763.0000  +9.85578209e-01  +9.98880032e-01
    765.0000  +9.82744711e-01  +9.98822965e-01
    767.0000  +9.92002044e-01  +9.98864246e-01
    769.0000  +9.79383072e-01  +9.98791110e-01
    771.0000  +9.85517046e-01  +9.98827776e-01
    773.0000  +9.80451105e-01  +9.98819449e-01
    775.0000  +9.79077356e-01  +9.98798146e-01
    777.0000  +9.68534427e-01  +9.98555192e-01
    779.0000  +9.73551265e-01  +9.98713975e-01
    781.0000  +9.71442336e-01  +9.98722909e-01
    783.0000  +9.72125369e-01  +9.98676881e-01
    785.0000  +9.70566793e-01  +9.98652369e-01
    787.0000  +9.66647542e-01  +9.98666959e-01
    789.0000  +9.70323054e-01  +9.98706384e-01
    791.0000  +9.73538094e-01  +9.98761937e-01
    793.0000  +9.67386142e-01  +9.98709956e-01
    795.0000  +9.75530907e-01  +9.98775369e-01
    797.0000  +9.64432000e-01  +9.98695890e-01
    799.0000  +9.65926262e-01  +9.98673194e-01
    801.0000  +9.61951144e-01  +9.98661156e-01
    803.0000  +9.60888004e-01  +9.98640273e-01
    805.0000  +9.59775022e-01  +9.98627426e-01
    807.0000  +9.62816905e-01  +9.98633640e-01
    809.0000  +9.61864711e-01  +9.98691136e-01
    811.0000  +9.62340719e-01  +9.98671204e-01
    813.0000  +9.56542591e-01  +9.98605705e-01
    815.0000  +9.54542826e-01  +9.98616699e-01
    817.0000  +9.52744525e-01  +9.98585142e-01
    819.0000  +9.60540476e-01  +9.98583068e-01
    821.0000  +9.51809700e-01  +9.98552137e-01
    823.0000  +9.45270682e-01  +9.98485540e-01
    825.0000  +9.45041290e-01  +9.98413809e-01
    827.0000  +9.41923697e-01  +9.98445082e-01
    829.0000  +9.42443829e-01  +9.98442810e-01
    831.0000  +9.46550611e-01  +9.98530021e-01
    833.0000  +9.46302434e-01  +9.98416593e-01
    835.0000  +9.45617586e-01  +9.98492458e-01
    837.0000  +9.42674826e-01  +9.98430537e-01
    839.0000  +9.60770455e-01  +9.98580821e-01
    841.0000  +9.37681956e-01  +9.98333842e-01
    843.0000  +9.47051594e-01  +9.98359085e-01
    845.0000  +9.33228181e-01  +9.98142138e-01
    847.0000  +9.32345300e-01  +9.98208004e-01
    849.0000  +9.26501401e-01  +9.98053543e-01
    851.0000  +9.26642613e-01  +9.98006382e-01
    853.0000  +9.25594718e-01  +9.98079686e-01
    855.0000  +9.21073528e-01  +9.97812243e-01
    857.0000  +9.23430438e-01  +9.98147610e-01
    859.0000  +9.17223937e-01  +9.97958972e-01
    861.0000  +9.16236524e-01  +9.97900873e-01
    863.0000  +9.20731465e-01  +9.98126933e-01
    865.0000  +9.12561831e-01  +9.97954409e-01
    867.0000  +9.08828710e-01  +9.97430520e-01
    869.0000  +9.26434656e-01  +9.98197083e-01
    871.0000  +9.15123569e-01  +9.98211733e-01
    873.0000  +9.11304112e-01  +9.97997771e-01
    875.0000  +8.91737470e-01  +9.97112662e-01
    877.0000  +9.09573205e-01  +9.97869688e-01
    879.0000  +9.07921346e-01  +9.98164322e-01
    881.0000  +9.17970120e-01  +9.98335730e-01
    883.0000  +9.11701775e-01  +9.98091615e-01
    885.0000  +8.97502473e-01  +9.97466652e-01
    887.0000  +8.81616838e-01  +9.96768663e-01
    889.0000  +8.97994370e-01  +9.97920520e-01
    891.0000  +8.95961118e-01  +9.97925108e-01
    893.0000  +8.98058008e-01  +9.98051593e-01
    895.0000  +9.02569401e-01  +9.98128980e-01
    897.0000  +8.98821301e-01  +9.98035078e-01
    899.0000  +8.95738426e-01  +9.97891354e-01
    901.0000  +8.80658718e-01  +9.96656727e-01
    903.0000  +8.87813454e-01  +9.97194307e-01
    905.0000  +8.88262212e-01  +9.97788304e-01
    907.0000  +8.78286175e-01  +9.97684480e-01
    909.0000  +8.82998937e-01  +9.97668662e-01
    911.0000  +8.88264614e-01  +9.97972146e-01
    913.0000  +8.85883995e-01  +9.97848856e-01
    915.0000  +8.86691294e-01  +9.97959965e-01
    917.0000  +8.84539020e-01  +9.97871866e-01
    919.0000  +8.79459610e-01  +9.97691581e-01
    921.0000  +8.74980546e-01  +9.97454503e-01
    923.0000  +8.34316752e-01  +9.94791255e-01
    925.0000  +8.69083728e-01  +9.97203823e-01
    927.0000  +8.74861194e-01  +9.97525259e-01
    929.0000  +8.81918448e-01  +9.97806618e-01
    931.0000  +8.73866078e-01  +9.97739364e-01
    933.0000  +8.72071828e-01  +9.97762840e-01
    935.0000  +8.72237367e-01  +9.97707919e-01
    937.0000  +8.79750439e-01  +9.97826122e-01
    939.0000  +8.70005075e-01  +9.97685882e-01
    941.0000  +8.60090516e-01  +9.97449629e-01
    943.0000  +8.63627727e-01  +9.97624178e-01
    945.0000  +8.71913222e-01  +9.97727621e-01
    947.0000  +8.65051621e-01  +9.97594452e-01
    949.0000  +8.63733975e-01  +9.97583119e-01
    951.0000  +8.61688839e-01  +9.97463111e-01
    953.0000  +8.56294790e-01  +9.96985364e-01
    955.0000  +8.23742669e-01  +9.94050844e-01
    957.0000  +8.61515408e-01  +9.97173672e-01
    959.0000  +8.55836076e-01  +9.97394913e-01
    961.0000  +8.59021688e-01  +9.97477287e-01
    963.0000  +8.49391733e-01  +9.97321969e-01
    965.0000  +8.65892019e-01  +9.97574244e-01
    967.0000  +8.61407626e-01  +9.97383401e-01
    969.0000  +8.54729647e-01  +9.97364727e-01
    971.0000  +8.58423391e-01  +9.97537876e-01
    973.0000  +8.63966791e-01  +9.97593871e-01
    975.0000  +8.55359340e-01  +9.97395010e-01
    977.0000  +8.52991059e-01  +9.97475838e-01
    979.0000  +8.64040243e-01  +9.97604258e-01
    981.0000  +8.44547944e-01  +9.97397798e-01
    983.0000  +8.48668400e-01  +9.97383742e-01
    985.0000  +8.40550313e-01  +9.97245139e-01
    987.0000  +8.40232865e-01  +9.97263130e-01
    989.0000  +8.36992074e-01  +9.97190576e-01
    991.0000  +8.36661153e-01  +9.97216290e-01
    993.0000  +8.38617929e-01  +9.97181886e-01
    995.0000  +8.37309489e-01  +9.97213052e-01
    997.0000  +8.35163680e-01  +9.97121074e-01
    999.0000  +8.34162831e-01  +9.97166264e-01
   1002.5000  +8.26533913e-01  +9.96316904e-01
   1007.5000  +8.15021977e-01  +9.95708341e-01
   1012.5000  +8.25476199e-01  +9.96917824e-01
   1017.5000  +8.23220947e-01  +9.97046593e-01
   1022.5000  +8.22210859e-01  +9.97052275e-01
   1027.5000  +8.18969163e-01  +9.96959228e-01
   1032.5000  +8.18122139e-01  +9.96937339e-01
   1037.5000  +8.16085996e-01  +9.96936308e-01
   1042.5000  +8.10191166e-01  +9.96808670e-01
   1047.5000  +8.05757674e-01  +9.96674406e-01
   1052.5000  +8.02752599e-01  +9.96681465e-01
   1057.5000  +8.03246810e-01  +9.96620858e-01
   1062.5000  +7.96861227e-01  +9.96602990e-01
   1067.5000  +7.88674535e-01  +9.96255956e-01
   1072.5000  +7.91374604e-01  +9.96430318e-01
   1077.5000  +7.90015860e-01  +9.96486116e-01
   1082.5000  +7.89912921e-01  +9.96497577e-01
   1087.5000  +7.82936146e-01  +9.96279697e-01
   1092.5000  +7.51968128e-01  +9.93514214e-01
   1097.5000  +7.71206274e-01  +9.95587016e-01
   1102.5000  +7.76013388e-01  +9.96187616e-01
   1107.5000  +7.73178370e-01  +9.96160696e-01
   1112.5000  +7.68697109e-01  +9.96107992e-01
   1117.5000  +7.68446631e-01  +9.96086672e-01
   1122.5000  +7.65447866e-01  +9.96068133e-01
   1127.5000  +7.62499338e-01  +9.95854927e-01
   1132.5000  +7.58338507e-01  +9.95743575e-01
   1137.5000  +7.61454720e-01  +9.95927621e-01
   1142.5000  +7.58579965e-01  +9.95873514e-01
   1147.5000  +7.53090380e-01  +9.95837671e-01
   1152.5000  +7.47545638e-01  +9.95694857e-01
   1157.5000  +7.46520076e-01  +9.95684195e-01
   1162.5000  +7.44943121e-01  +9.95555718e-01
   1167.5000  +7.37652887e-01  +9.95218327e-01
   1172.5000  +7.36435300e-01  +9.95463646e-01
   1177.5000  +7.30826651e-01  +9.95065751e-01
   1182.5000  +7.33205089e-01  +9.95352185e-01
   1187.5000  +7.31364225e-01  +9.95165705e-01
   1192.5000  +7.25644603e-01  +9.95269226e-01
   1197.5000  +7.29427673e-01  +9.95284069e-01
   1202.5000  +7.18461688e-01  +9.95047538e-01
   1207.5000  +7.17770360e-01  +9.95016025e-01
   1212.5000  +7.12131120e-01  +9.94885271e-01
   1217.5000  +7.10014031e-01  +9.94709842e-01
   1222.5000  +7.07928211e-01  +9.94701483e-01
   1227.5000  +7.03256846e-01  +9.94531402e-01
   1232.5000  +7.02759961e-01  +9.94623587e-01
   1237.5000  +6.97555193e-01  +9.94484027e-01
   1242.5000  +6.98175408e-01  +9.94467756e-01
   1247.5000  +6.92564172e-01  +9.94329641e-01
   1252.5000  +6.92881837e-01  +9.94306252e-01
   1257.5000  +6.83972990e-01  +9.94021526e-01
   1262.5000  +6.82943189e-01  +9.94051628e-01
   1267.5000  +6.81991422e-01  +9.94124559e-01
   1272.5000  +6.77690096e-01  +9.93819007e-01
   1277.5000  +6.67749487e-01  +9.92665419e-01
   1282.5000  +6.30520017e-01  +9.88007016e-01
   1287.5000  +6.68527204e-01  +9.93023685e-01
   1292.5000  +6.72690232e-01  +9.93623344e-01
   1297.5000  +6.61010128e-01  +9.93375585e-01
   1302.5000  +6.59597235e-01  +9.93501984e-01
   1307.5000  +6.53820919e-01  +9.93400719e-01
   1312.5000  +6.61538509e-01  +9.93442280e-01
   1317.5000  +6.52194442e-01  +9.93309042e-01
   1322.5000  +6.46575967e-01  +9.93095454e-01
   1327.5000  +6.46844896e-01  +9.93298486e-01
   1332.5000  +6.40058153e-01  +9.93014312e-01
   1337.5000  +6.35551265e-01  +9.92933804e-01
   1342.5000  +6.29217667e-01  +9.92644625e-01
   1347.5000  +6.26939701e-01  +9.92638834e-01
   1352.5000  +6.22142083e-01  +9.92335097e-01
   1357.5000  +6.21490120e-01  +9.92552119e-01
   1362.5000  +6.22720201e-01  +9.92621461e-01
   1367.5000  +6.12156577e-01  +9.92363571e-01
   1372.5000  +6.01185922e-01  +9.91746245e-01
   1377.5000  +6.02348970e-01  +9.91914288e-01
   1382.5000  +5.97687011e-01  +9.91746954e-01
   1387.5000  +6.01701599e-01  +9.92015483e-01
   1392.5000  +5.89141566e-01  +9.91373213e-01
   1397.5000  +5.84973177e-01  +9.91336881e-01
   1402.5000  +5.87041288e-01  +9.91580115e-01
   1407.5000  +5.77582590e-01  +9.91319103e-01
   1412.5000  +5.75154358e-01  +9.91310762e-01
   1417.5000  +5.68691612e-01  +9.90813723e-01
   1422.5000  +5.65847585e-01  +9.91120832e-01
   1427.5000  +5.74366677e-01  +9.91437798e-01
   1432.5000  +5.58309640e-01  +9.90796852e-01
   1437.5000  +5.54119794e-01  +9.90477888e-01
   1442.5000  +5.46716961e-01  +9.90490238e-01
   1447.5000  +5.45261592e-01  +9.90495096e-01
   1452.5000  +5.38272204e-01  +9.90290806e-01
   1457.0000  +5.39503542e-01  +9.90445319e-01
   1462.0000  +5.29554027e-01  +9.89981499e-01
   1467.5000  +5.26475779e-01  +9.89905469e-01
   1472.5000  +5.26305575e-01  +9.90149536e-01
   1477.5000  +5.17939038e-01  +9.89862630e-01
   1482.5000  +5.14813173e-01  +9.89882904e-01
   1487.5000  +5.18829230e-01  +9.90303851e-01
   1492.5000  +5.03059761e-01  +9.89508129e-01
   1497.5000  +5.01188617e-01  +9.89607896e-01
   1502.5000  +5.28287996e-01  +9.90696777e-01
   1507.5000  +5.04159633e-01  +9.90102565e-01
   1512.5000  +4.87150918e-01  +9.89536303e-01
   1517.5000  +4.84442756e-01  +9.89488147e-01
   1522.5000  +4.75171267e-01  +9.89406908e-01
   1527.5000  +4.69402405e-01  +9.89159445e-01
   1532.5000  +4.65939540e-01  +9.89150065e-01
   1537.5000  +4.55839826e-01  +9.88873551e-01
   1542.5000  +4.47755171e-01  +9.88696005e-01
   1547.5000  +4.45953846e-01  +9.88691873e-01
   1552.5000  +4.46993804e-01  +9.88956348e-01
   1557.5000  +4.42420781e-01  +9.89234885e-01
   1562.5000  +4.36239820e-01  +9.88188170e-01
   1567.5000  +4.35805853e-01  +9.89148922e-01
   1572.5000  +4.26609259e-01  +9.88520492e-01
   1577.5000  +4.49145685e-01  +9.89460550e-01
   1582.5000  +4.27023232e-01  +9.88855889e-01
   1587.5000  +4.20419701e-01  +9.89597657e-01
   1592.5000  +4.17998194e-01  +9.89373628e-01
   1597.5000  +4.16982269e-01  +9.89208519e-01
   1605.0000  +3.98906768e-01  +9.88980524e-01
   1615.0000  +3.88947455e-01  +9.88782416e-01
   1625.0000  +3.95291131e-01  +9.89838943e-01
   1635.0000  +3.77217225e-01  +9.88514617e-01
   1645.0000  +3.66882444e-01  +9.88166012e-01
   1655.0000  +3.80813982e-01  +9.89964027e-01
   1665.0000  +3.81355841e-01  +9.89810680e-01
   1675.0000  +3.74616294e-01  +9.87813110e-01
   1685.0000  +3.55913869e-01  +9.86910703e-01
   1695.0000  +3.75878389e-01  +9.89455224e-01
   1705.0000  +3.80808398e-01  +9.90196800e-01
   1715.0000  +3.81524990e-01  +9.90311909e-01
   1725.0000  +3.76916819e-01  +9.89344544e-01
   1735.0000  +3.39740546e-01  +9.84808421e-01
   1745.0000  +3.68214870e-01  +9.88289687e-01
   1755.0000  +3.75440108e-01  +9.89594887e-01
   1765.0000  +3.72345933e-01  +9.89688184e-01
   1775.0000  +3.77313878e-01  +9.90015934e-01
   1785.0000  +3.71918659e-01  +9.89676850e-01
   1795.0000  +3.75132020e-01  +9.89888165e-01
   1805.0000  +3.73965143e-01  +9.89005570e-01
   1815.0000  +3.34978909e-01  +9.83573016e-01
   1825.0000  +3.62616254e-01  +9.87217100e-01
   1835.0000  +3.75421810e-01  +9.89103968e-01
   1845.0000  +3.78728284e-01  +9.89803725e-01
   1855.0000  +3.71808405e-01  +9.89482298e-01
   1865.0000  +3.73796417e-01  +9.88989476e-01
   1875.0000  +3.24180737e-01  +9.81991521e-01
   1885.0000  +3.67327084e-01  +9.88065192e-01
   1895.0000  +3.80812182e-01  +9.89797887e-01
   1905.0000  +3.71839337e-01  +9.89483138e-01
   1915.0000  +3.72647501e-01  +9.89528914e-01
   1925.0000  +3.70616555e-01  +9.89564121e-01
   1935.0000  +3.75102611e-01  +9.88486261e-01
   1945.0000  +3.35553964e-01  +9.82017067e-01
   1955.0000  +3.69068320e-01  +9.88036811e-01
   1965.0000  +3.70050297e-01  +9.89608114e-01
   1975.0000  +3.79405587e-01  +9.89899993e-01
   1985.0000  +3.78473077e-01  +9.89491650e-01
   1995.0000  +3.73994133e-01  +9.89946085e-01
   2005.0000  +3.64579708e-01  +9.89497565e-01
   2015.0000  +3.64425795e-01  +9.89187001e-01
   2025.0000  +3.69609195e-01  +9.89553739e-01
   2035.0000  +3.64300347e-01  +9.89568516e-01
   2045.0000  +3.63890118e-01  +9.89255245e-01
   2055.0000  +3.64331318e-01  +9.89161921e-01
   2065.0000  +3.64641834e-01  +9.89362533e-01
   2075.0000  +3.63109925e-01  +9.89281740e-01
   2085.0000  +3.64235696e-01  +9.89203084e-01
   2095.0000  +3.68140210e-01  +9.89333381e-01
   2105.0000  +3.62468346e-01  +9.89200987e-01
   2115.0000  +3.64425387e-01  +9.88962250e-01
   2125.0000  +3.62416891e-01  +9.89116307e-01
   2135.0000  +3.59761481e-01  +9.88839455e-01
   2145.0000  +3.61126947e-01  +9.88654984e-01
   2155.0000  +3.58066404e-01  +9.87818326e-01
   2165.0000  +3.14519327e-01  +9.81020176e-01
   2175.0000  +3.58064861e-01  +9.87449396e-01
   2185.0000  +3.58543809e-01  +9.88865455e-01
   2195.0000  +3.62422907e-01  +9.89044188e-01
   2205.0000  +3.69607047e-01  +9.89086811e-01
   2215.0000  +3.56854921e-01  +9.88662944e-01
   2225.0000  +3.68247140e-01  +9.89080578e-01
   2235.0000  +3.64641571e-01  +9.89181333e-01
   2245.0000  +3.62093019e-01  +9.88799828e-01
   2255.0000  +3.56525969e-01  +9.88881825e-01
   2265.0000  +3.65360553e-01  +9.89017919e-01
   2275.0000  +3.56891820e-01  +9.88842989e-01
   2285.0000  +3.62033139e-01  +9.88926510e-01
   2295.0000  +4.52971358e-01  +9.90368671e-01
   2305.0000  +4.03221161e-01  +9.89715267e-01
   2315.0000  +3.93404683e-01  +9.89244335e-01
   2325.0000  +4.82818063e-01  +9.91411945e-01
   2335.0000  +4.27626850e-01  +9.90023719e-01
   2345.0000  +4.04849039e-01  +9.89311660e-01
   2355.0000  +4.94301344e-01  +9.91168716e-01
   2365.0000  +4.30735177e-01  +9.89826374e-01
   2375.0000  +4.12260463e-01  +9.88743403e-01
   2385.0000  +4.92146319e-01  +9.90999850e-01
   2395.0000  +4.41029939e-01  +9.89594519e-01
   2405.0000  +4.17001893e-01  +9.89084516e-01
   2415.0000  +4.81841420e-01  +9.90395807e-01
   2425.0000  +4.42382057e-01  +9.89486120e-01
   2435.0000  +4.18481569e-01  +9.89166943e-01
   2445.0000  +4.57916003e-01  +9.89813979e-01
   2455.0000  +4.50891255e-01  +9.89529016e-01
   2465.0000  +4.16658731e-01  +9.88835543e-01
   2475.0000  +4.34670931e-01  +9.89456126e-01
   2485.0000  +4.53984009e-01  +9.89378100e-01
   2495.0000  +4.23937337e-01  +9.89082026e-01
   2505.0000  +4.05110402e-01  +9.89267789e-01
   2515.0000  +4.47361564e-01  +9.89334645e-01
   2525.0000  +4.15877081e-01  +9.88649926e-01
   2535.0000  +4.05471115e-01  +9.88811171e-01
   2545.0000  +4.17744578e-01  +9.89075835e-01
   2555.0000  +4.11742150e-01  +9.88609002e-01
   2565.0000  +4.00493941e-01  +9.88510335e-01
   2575.0000  +3.95854899e-01  +9.88326157e-01
   2585.0000  +4.14437581e-01  +9.88935469e-01
   2595.0000  +4.02059231e-01  +9.88649936e-01
   2605.0000  +3.92180011e-01  +9.87773033e-01
   2615.0000  +3.87643671e-01  +9.86984818e-01
   2625.0000  +3.52930320e-01  +9.80861323e-01
   2635.0000  +3.86828053e-01  +9.87571606e-01
   2645.0000  +3.84679444e-01  +9.88575843e-01
   2655.0000  +3.85678990e-01  +9.88537385e-01
   2665.0000  +3.88890878e-01  +9.88382003e-01
   2675.0000  +3.67756712e-01  +9.87461451e-01
   2685.0000  +3.74944879e-01  +9.87897455e-01
   2695.0000  +3.79978536e-01  +9.88686725e-01
   2705.0000  +3.73912709e-01  +9.88971558e-01
   2715.0000  +3.71372652e-01  +9.88618729e-01
   2725.0000  +3.69020114e-01  +9.88963812e-01
   2735.0000  +3.71657309e-01  +9.88831280e-01
   2745.0000  +3.66239137e-01  +9.88213299e-01
   2755.0000  +3.53027915e-01  +9.87135294e-01
   2765.0000  +3.60090977e-01  +9.87522918e-01
   2775.0000  +3.65785458e-01  +9.88878679e-01
   2785.0000  +3.62885240e-01  +9.89130244e-01
   2795.0000  +3.59796906e-01  +9.89430965e-01
   2805.0000  +3.59685008e-01  +9.88816995e-01
   2815.0000  +3.60942776e-01  +9.89349494e-01
   2825.0000  +3.58844923e-01  +9.88726756e-01
   2835.0000  +3.56598878e-01  +9.89269302e-01
   2845.0000  +3.56091787e-01  +9.89392714e-01
   2855.0000  +3.55999399e-01  +9.88961473e-01
   2865.0000  +3.51744167e-01  +9.87589531e-01
   2875.0000  +3.38790137e-01  +9.86706752e-01
   2885.0000  +3.52251583e-01  +9.88555199e-01
   2895.0000  +3.53293781e-01  +9.89208967e-01
   2905.0000  +3.53563521e-01  +9.89142262e-01
   2915.0000  +3.51826879e-01  +9.89230908e-01
   2925.0000  +3.58833613e-01  +9.89684829e-01
   2935.0000  +3.53009452e-01  +9.89078055e-01
   2945.0000  +3.51755396e-01  +9.89421528e-01
   2955.0000  +3.51897178e-01  +9.89394278e-01
   2965.0000  +3.50455954e-01  +9.89690813e-01
   2975.0000  +3.49207063e-01  +9.89652411e-01
   2985.0000  +3.50775961e-01  +9.89438264e-01
   2995.0000  +3.50348747e-01  +9.89556514e-01
   3005.0000  +3.49582234e-01  +9.89622341e-01
   3015.0000  +3.48514855e-01  +9.89167422e-01
   3025.0000  +3.49472437e-01  +9.89123300e-01
   3035.0000  +3.33733906e-01  +9.86655710e-01
   3045.0000  +3.39521798e-01  +9.87199511e-01
   3055.0000  +3.48028797e-01  +9.89134981e-01
   3065.0000  +3.47691235e-01  +9.89718530e-01
   3075.0000  +3.47496305e-01  +9.89558635e-01
   3085.0000  +3.49792856e-01  +9.89305227e-01
   3095.0000  +3.47738688e-01  +9.89447355e-01
   3105.0000  +3.47010290e-01  +9.89318146e-01
   3115.0000  +3.48311656e-01  +9.89345718e-01
   3125.0000  +3.46648562e-01  +9.89208961e-01
   3135.0000  +3.46500609e-01  +9.89485884e-01
   3145.0000  +3.46423895e-01  +9.89392362e-01
   3155.0000  +3.45925194e-01  +9.89338646e-01
   3165.0000  +3.48551427e-01  +9.89545619e-01
   3175.0000  +3.45838433e-01  +9.89449282e-01
   3185.0000  +3.46124588e-01  +9.89457554e-01
   3195.0000  +3.46288890e-01  +9.89170623e-01
   3210.0000  +3.45214119e-01  +9.89638006e-01
   3230.0000  +3.47069347e-01  +9.89523904e-01
   3250.0000  +3.46197133e-01  +9.89376459e-01
   3270.0000  +3.46029527e-01  +9.89615367e-01
   3290.0000  +3.31694038e-01  +9.86897461e-01
   3310.0000  +3.43716331e-01  +9.88948839e-01
   3330.0000  +3.45990299e-01  +9.89578330e-01
   3350.0000  +3.44666579e-01  +9.89741660e-01
   3370.0000  +3.44041251e-01  +9.89704230e-01
   3390.0000  +3.44694463e-01  +9.89918531e-01
   3410.0000  +3.44720147e-01  +9.89674730e-01
   3430.0000  +3.44342168e-01  +9.89771989e-01
   3450.0000  +3.44319518e-01  +9.89655026e-01
   3470.0000  +3.44222405e-01  +9.89830819e-01
   3490.0000  +3.43832665e-01  +9.89790563e-01
   3510.0000  +3.42962538e-01  +9.89771642e-01
   3530.0000  +3.43435912e-01  +9.89797857e-01
   3550.0000  +3.42690297e-01  +9.89776572e-01
   3570.0000  +3.41964207e-01  +9.89830804e-01
   3590.0000  +3.42376256e-01  +9.89861739e-01
   3610.0000  +3.42208058e-01  +9.89805730e-01
   3630.0000  +3.42192796e-01  +9.89838317e-01
   3650.0000  +3.41904612e-01  +9.89660129e-01
   3670.0000  +3.42259497e-01  +9.89935942e-01
   3690.0000  +3.41053168e-01  +9.89987411e-01
   3710.0000  +3.42241964e-01  +9.90061414e-01
   3730.0000  +3.35292715e-01  +9.88631842e-01
   3750.0000  +3.29885202e-01  +9.88234115e-01
   3770.0000  +3.40294548e-01  +9.89779789e-01
   3790.0000  +3.40327278e-01  +9.90063446e-01
   3810.0000  +3.40056406e-01  +9.89700231e-01
   3830.0000  +3.39565235e-01  +9.89894772e-01
   3850.0000  +3.39948545e-01  +9.89935671e-01
   3870.0000  +3.42795698e-01  +9.89929930e-01
   3890.0000  +3.39729880e-01  +9.89741735e-01
   3910.0000  +3.38653494e-01  +9.89788009e-01
   3930.0000  +3.39821746e-01  +9.89682689e-01
   3950.0000  +3.40758300e-01  +9.90095239e-01
   3970.0000  +3.40099115e-01  +9.90091232e-01
   3990.0000  +3.40667629e-01  +9.90212456e-01
   4010.0000  +3.37864739e-01  +9.89716645e-01
   4030.0000  +3.37723686e-01  +9.89595766e-01
   4050.0000  +3.25050466e-01  +9.86986486e-01
   4070.0000  +3.38175956e-01  +9.89829834e-01
   4090.0000  +3.37569798e-01  +9.90037115e-01
   4110.0000  +3.38735260e-01  +9.90065395e-01
   4130.0000  +3.38000140e-01  +9.90134023e-01
   4150.0000  +3.37055861e-01  +9.90073815e-01
   4170.0000  +3.36187168e-01  +9.89233550e-01
   4190.0000  +3.39668785e-01  +9.89935273e-01
   4210.0000  +3.39696423e-01  +9.89987971e-01
   4230.0000  +3.37450071e-01  +9.90048343e-01
   4250.0000  +3.38047456e-01  +9.90032735e-01
   4270.0000  +3.36829027e-01  +9.90129597e-01
   4290.0000  +3.73541328e-01  +9.91482466e-01
   4310.0000  +4.13855619e-01  +9.91303327e-01
   4330.0000  +3.96348397e-01  +9.90672964e-01
   4350.0000  +4.24553511e-01  +9.91756222e-01
   4370.0000  +4.39930866e-01  +9.91347763e-01
   4390.0000  +4.50067474e-01  +9.91296295e-01
   4410.0000  +4.70474085e-01  +9.93017565e-01
   4430.0000  +4.77973140e-01  +9.92462847e-01
   4450.0000  +4.78928258e-01  +9.92544671e-01
   4470.0000  +4.95824645e-01  +9.93461436e-01
   4490.0000  +4.84782090e-01  +9.92562734e-01
   4510.0000  +4.97802909e-01  +9.93020777e-01
   4530.0000  +5.02470192e-01  +9.93804247e-01
   4550.0000  +4.92268228e-01  +9.93095710e-01
   4570.0000  +4.87194406e-01  +9.92740759e-01
   4590.0000  +5.01086852e-01  +9.93840294e-01
   4610.0000  +4.83055428e-01  +9.92932425e-01
   4630.0000  +4.85524775e-01  +9.92786621e-01
   4650.0000  +4.69900070e-01  +9.91605590e-01
   4670.0000  +4.61609786e-01  +9.92092369e-01
   4690.0000  +4.67485409e-01  +9.92271503e-01
   4710.0000  +4.74454213e-01  +9.92840653e-01
   4730.0000  +4.53421058e-01  +9.92372175e-01
   4750.0000  +4.61452100e-01  +9.92446130e-01
   4770.0000  +4.58226382e-01  +9.92387549e-01
   4790.0000  +4.52812115e-01  +9.92691984e-01
   4810.0000  +4.62580677e-01  +9.92601481e-01
   4830.0000  +4.40982652e-01  +9.92123217e-01
   4850.0000  +4.43473172e-01  +9.92116844e-01
   4870.0000  +4.51369802e-01  +9.92415633e-01
   4890.0000  +4.50160906e-01  +9.92192400e-01
   4910.0000  +4.44680136e-01  +9.92357264e-01
   4930.0000  +4.47438821e-01  +9.92392120e-01
   4950.0000  +4.49701486e-01  +9.92355582e-01
   4970.0000  +4.39293480e-01  +9.92319057e-01
   4990.0000  +4.41496237e-01  +9.92562866e-01
   5010.0000  +4.39187457e-01  +9.92198429e-01
   5030.0000  +4.36732651e-01  +9.92028321e-01
   5050.0000  +4.42430855e-01  +9.92397365e-01
   5070.0000  +4.34739287e-01  +9.92272911e-01
   5090.0000  +4.34864937e-01  +9.92018375e-01
   5110.0000  +4.38492881e-01  +9.92205677e-01
   5130.0000  +4.20515299e-01  +9.91137790e-01
   5150.0000  +4.31618561e-01  +9.92084793e-01
   5170.0000  +4.22095800e-01  +9.91864860e-01
   5190.0000  +4.25373761e-01  +9.92064344e-01
   5210.0000  +4.17622886e-01  +9.92039867e-01
   5230.0000  +4.23802497e-01  +9.91850358e-01
   5250.0000  +4.15664901e-01  +9.91535785e-01
   5270.0000  +4.07196660e-01  +9.91498561e-01
   5290.0000  +4.16606843e-01  +9.91843159e-01
   5310.0000  +4.14669649e-01  +9.91749349e-01
   5330.0000  +4.06764753e-01  +9.91528544e-01
   5350.0000  +4.05867025e-01  +9.91492150e-01
   5370.0000  +4.01044926e-01  +9.91436921e-01
   5390.0000  +3.98512975e-01  +9.91271198e-01
   5410.0000  +3.96798890e-01  +9.91488867e-01
   5430.0000  +4.00827938e-01  +9.91491508e-01
   5450.0000  +3.91926890e-01  +9.91151726e-01
   5470.0000  +3.91995474e-01  +9.91024221e-01
   5490.0000  +3.90555666e-01  +9.91286729e-01
   5510.0000  +3.89874635e-01  +9.91094489e-01
   5530.0000  +3.73067046e-01  +9.91013736e-01
   5550.0000  +3.87428036e-01  +9.91285043e-01
   5570.0000  +3.75480613e-01  +9.90824212e-01
   5590.0000  +3.76577518e-01  +9.90975158e-01
   5610.0000  +3.73089960e-01  +9.91097322e-01
   5630.0000  +3.77469589e-01  +9.91150214e-01
   5650.0000  +3.70405138e-01  +9.91081090e-01
   5670.0000  +3.68459383e-01  +9.90992703e-01
   5690.0000  +3.71634689e-01  +9.91097378e-01
   5710.0000  +3.62852396e-01  +9.90732231e-01
   5730.0000  +3.63235968e-01  +9.91028301e-01
   5750.0000  +3.60220872e-01  +9.90951425e-01
   5770.0000  +3.62414748e-01  +9.90912602e-01
   5790.0000  +3.54276773e-01  +9.90795761e-01
   5810.0000  +3.59045288e-01  +9.90849452e-01
   5830.0000  +3.56543453e-01  +9.90731152e-01
   5850.0000  +3.54522075e-01  +9.90713596e-01
   5870.0000  +3.56631683e-01  +9.90829690e-01
   5890.0000  +3.52595325e-01  +9.90509695e-01
   5910.0000  +3.46269764e-01  +9.89008152e-01
   5930.0000  +3.50023723e-01  +9.90592432e-01
   5950.0000  +3.49006052e-01  +9.90528790e-01
   5970.0000  +3.46886295e-01  +9.90417020e-01
   5990.0000  +3.45961894e-01  +9.90387481e-01
   6010.0000  +3.45331926e-01  +9.90289688e-01
   6030.0000  +3.44768506e-01  +9.90288709e-01
   6050.0000  +3.47138094e-01  +9.90402415e-01
   6070.0000  +3.45368361e-01  +9.90499951e-01
   6090.0000  +3.43971085e-01  +9.90380789e-01
   6110.0000  +3.44203720e-01  +9.90448508e-01
   6130.0000  +3.42827405e-01  +9.90200017e-01
   6150.0000  +3.41207066e-01  +9.90509965e-01
   6170.0000  +3.39271850e-01  +9.90450251e-01
   6190.0000  +3.38834346e-01  +9.90302064e-01
   6210.0000  +3.37287264e-01  +9.89849139e-01
   6230.0000  +3.36852211e-01  +9.89747486e-01
   6250.0000  +3.39101313e-01  +9.90034437e-01
   6270.0000  +3.38934169e-01  +9.90285942e-01
   6290.0000  +3.36825104e-01  +9.89901109e-01
   6310.0000  +3.36253845e-01  +9.89720354e-01
   6330.0000  +3.34376450e-01  +9.89658552e-01
   6350.0000  +3.35233113e-01  +9.89984521e-01
   6370.0000  +3.32076821e-01  +9.89510907e-01
   6390.0000  +3.33752627e-01  +9.89654638e-01
   6420.0000  +3.32449164e-01  +9.89569054e-01
   6460.0000  +3.31707813e-01  +9.89687968e-01
   6500.0000  +3.30129679e-01  +9.89647659e-01
   6540.0000  +3.29909383e-01  +9.89672178e-01
   6580.0000  +3.28484944e-01  +9.89666286e-01
   6620.0000  +3.28719353e-01  +9.89179943e-01
   6660.0000  +3.27671211e-01  +9.89519457e-01
   6700.0000  +3.26465098e-01  +9.89413605e-01
   6740.0000  +3.26907936e-01  +9.89160142e-01
   6780.0000  +3.25950278e-01  +9.89554504e-01
   6820.0000  +3.26312342e-01  +9.89100718e-01
   6860.0000  +3.24942108e-01  +9.89717534e-01
   6900.0000  +3.24711525e-01  +9.89486984e-01
   6940.0000  +3.24714203e-01  +9.89021901e-01
   6980.0000  +3.24694525e-01  +9.89045433e-01
   7020.0000  +3.24738093e-01  +9.89153759e-01
   7060.0000  +3.24135568e-01  +9.89136695e-01
   7100.0000  +3.24335124e-01  +9.88968320e-01
   7140.0000  +3.23391293e-01  +9.89483111e-01
   7180.0000  +3.23359219e-01  +9.89783808e-01
   7220.0000  +3.22199082e-01  +9.89554014e-01
   7260.0000  +3.22904179e-01  +9.89085892e-01
   7300.0000  +3.23650766e-01  +9.88899864e-01
   7340.0000  +3.22422239e-01  +9.89243553e-01
   7380.0000  +3.23270289e-01  +9.89096941e-01
   7420.0000  +3.23536516e-01  +9.89105042e-01
   7460.0000  +3.18743611e-01  +9.87640956e-01
   7500.0000  +3.20109822e-01  +9.88268454e-01
   7540.0000  +3.23061680e-01  +9.88928701e-01
   7580.0000  +3.22678102e-01  +9.88418408e-01
   7620.0000  +3.22016863e-01  +9.89105073e-01
   7660.0000  +3.21957390e-01  +9.89085647e-01
   7700.0000  +3.21951538e-01  +9.88931366e-01
   7740.0000  +3.22513793e-01  +9.88787060e-01
   7780.0000  +3.21798841e-01  +9.89233016e-01
   7820.0000  +3.21597177e-01  +9.89086778e-01
   7860.0000  +3.21508766e-01  +9.88884635e-01
   7900.0000  +3.21548931e-01  +9.88851638e-01
   7940.0000  +3.21964966e-01  +9.88713062e-01
   7980.0000  +3.21892619e-01  +9.88767391e-01
   8020.0000  +3.21639390e-01  +9.89128155e-01
   8060.0000  +3.21827661e-01  +9.89004278e-01
   8100.0000  +3.21074462e-01  +9.89181991e-01
   8140.0000  +3.20932002e-01  +9.88717414e-01
   8180.0000  +3.20911311e-01  +9.88672024e-01
   8220.0000  +3.20746697e-01  +9.89028028e-01
   8260.0000  +3.20893900e-01  +9.88839248e-01
   8300.0000  +3.20605724e-01  +9.88931471e-01
   8340.0000  +3.20859066e-01  +9.88940100e-01
   8380.0000  +3.21074760e-01  +9.88784822e-01
   8420.0000  +3.21203802e-01  +9.88968313e-01
   8460.0000  +3.20826713e-01  +9.88787472e-01
   8500.0000  +3.20679025e-01  +9.88410030e-01
   8540.0000  +3.20704303e-01  +9.88789995e-01
   8580.0000  +3.20323752e-01  +9.88950010e-01
   8620.0000  +3.20114086e-01  +9.88951666e-01
   8660.0000  +3.20020536e-01  +9.89135356e-01
   8700.0000  +3.20220871e-01  +9.88960743e-01
   8740.0000  +3.19534146e-01  +9.89048889e-01
   8780.0000  +3.19722050e-01  +9.88916715e-01
   8820.0000  +3.19851281e-01  +9.89070036e-01
   8860.0000  +3.19804030e-01  +9.88850449e-01
   8900.0000  +3.19738531e-01  +9.88939873e-01
   8940.0000  +3.19097864e-01  +9.88622664e-01
   8980.0000  +3.20006688e-01  +9.89016325e-01
   9020.0000  +3.20113548e-01  +9.88758238e-01
   9060.0000  +3.19690843e-01  +9.89346118e-01
   9100.0000  +3.20390520e-01  +9.88956723e-01
   9140.0000  +3.19346307e-01  +9.88957997e-01
   9180.0000  +3.19806252e-01  +9.88868751e-01
   9220.0000  +3.19060199e-01  +9.88963349e-01
   9260.0000  +3.19635957e-01  +9.88917555e-01
   9300.0000  +3.19225702e-01  +9.89141422e-01
   9340.0000  +3.19217671e-01  +9.88840127e-01
   9380.0000  +3.19500332e-01  +9.88224630e-01
   9420.0000  +3.19313028e-01  +9.88618812e-01
   9460.0000  +3.19435672e-01  +9.88953088e-01
   9500.0000  +3.19104628e-01  +9.88886249e-01
   9540.0000  +3.18446720e-01  +9.88708971e-01
   9580.0000  +3.19878558e-01  +9.88916362e-01
   9620.0000  +3.18047459e-01  +9.88908711e-01
   9660.0000  +3.19780969e-01  +9.88253255e-01
   9700.0000  +3.19504509e-01  +9.88957179e-01
   9740.0000  +3.18938655e-01  +9.88980719e-01
   9780.0000  +3.18457620e-01  +9.88854870e-01
   9820.0000  +3.18719249e-01  +9.89098479e-01
   9860.0000  +3.19809517e-01  +9.88606111e-01
   9900.0000  +3.18943136e-01  +9.88746193e-01
   9940.0000  +3.19166978e-01  +9.88613386e-01
   9980.0000  +3.18294144e-01  +9.88787329e-01
  10020.0000  +3.18241651e-01  +9.89096772e-01
  20000.0000  +3.12719210e-01  +9.89838639e-01
  40000.0100  +3.08931764e-01  +9.89952388e-01
  60000.0100  +3.06821265e-01  +9.89975269e-01
  80000.0100  +3.05804595e-01  +9.89851608e-01
 100000.0100  +3.05459682e-01  +9.90150814e-01
 120000.0200  +3.04900925e-01  +9.89908804e-01
 140000.0200  +3.04725651e-01  +9.89846553e-01
 160000.0200  +3.04861986e-01  +9.89758502e-01
