# wavelength_nm   slope_a   correlation_r
     44.1000  +1.28388015e+00  +5.18063925e-02
     45.1000  +1.28389494e+00  +5.18070199e-02
     46.0000  +1.28393019e+00  +5.18085153e-02
     47.0000  +1.28396729e+00  +5.18100894e-02
     48.0000  +1.28397565e+00  +5.18104439e-02
     49.0000  -3.22521870e+05  -1.37919871e-01
     50.0000  -2.48236567e+05  -1.37920096e-01
     50.6000  +3.16241959e+04  +4.08120094e-01
     51.2000  +2.53424287e+03  +1.48248645e-01
     52.0000  -2.17353897e+03  -1.38030673e-01
     53.0000  +1.28390936e+00  +5.18076317e-02
     54.0000  +1.28397963e+00  +5.18106127e-02
     55.0000  +1.28379227e+00  +5.18026644e-02
     56.0000  +1.28391813e+00  +5.18080037e-02
     57.0000  +1.28385912e+00  +5.18055005e-02
     58.0000  -8.21080364e+03  -1.37978503e-01
     59.0000  -2.41363888e+04  -1.37929161e-01
     60.0000  -2.04137130e+04  -1.37930991e-01
     61.0000  -1.70768041e+04  -1.37933311e-01
     62.0000  -2.97103118e+03  -1.38083321e-01
     63.0000  -2.55293457e+03  -1.38110242e-01
     64.0000  -2.20589858e+03  -1.38140334e-01
     65.0000  -1.91550579e+03  -1.38173915e-01
     65.8000  -1.71808833e+03  -1.38203243e-01
     66.5000  -1.62189983e+03  -1.38220118e-01
     67.5000  -1.42502387e+03  -1.38261764e-01
     68.5000  -1.21295065e+03  -1.38321801e-01
     69.5000  -1.07461844e+03  -1.38373747e-01
     70.5000  -4.06351442e+02  -1.35751209e-01
     71.6000  -3.06067878e+02  -1.40290390e-01
     72.6000  -2.74574631e+02  -1.40566670e-01
     73.5000  -2.50187105e+02  -1.40829147e-01
     74.5000  -4.11227575e+02  -6.44213495e-02
     75.5000  -3.71713254e+02  -6.45072150e-02
     76.5000  -3.28974139e+02  -6.46237721e-02
     77.5000  -3.06723299e+02  -6.46974754e-02
     78.5000  -2.73289846e+02  -6.48311938e-02
     79.5000  -4.25429220e+01  -7.52499557e-02
     80.5000  -1.28966579e+02  -6.73497160e-02
     81.5000  -1.06466624e+02  -6.81923852e-02
     82.5000  -9.67629035e+01  -6.86862830e-02
     83.5000  -8.96756732e+01  -6.91200620e-02
     84.5000  -8.34965206e+01  -6.95638935e-02
     85.5000  -7.78792717e+01  -7.00343214e-02
     86.5000  -4.52051232e+01  -7.96687110e-02
     87.5000  -4.68942185e+01  -7.89544599e-02
     88.5000  -4.06802687e+01  -8.19577838e-02
     89.5000  -3.84995706e+01  -8.33127530e-02
     90.5000  -3.69443892e+01  -8.44052058e-02
     91.5000  +2.78138356e+04  +9.40195019e-01
     92.5000  +9.55890795e+04  +9.26233655e-01
     93.5000  +1.69755376e+05  +9.25805486e-01
     94.5000  +4.79896415e+04  +9.25707113e-01
     95.5000  +1.42991770e+07  +9.25751914e-01
     96.5000  +1.24410277e+07  +9.25736818e-01
     97.5000  +1.06382263e+05  +9.25788671e-01
     98.5000  +9.71992619e+06  +9.25756703e-01
     99.5000  +8.54950011e+06  +9.25769107e-01
    100.5000  +7.67746893e+06  +9.25741124e-01
    101.5000  +6.81304679e+06  +9.25788436e-01
    102.5000  +2.42060063e+05  +9.25847648e-01
    103.5000  +4.84790515e+06  +9.25812516e-01
    104.5000  +4.30147769e+06  +9.25734480e-01
    105.5000  +4.31395547e+06  +9.25829659e-01
    106.5000  +3.45062468e+06  +9.25762359e-01
    107.5000  +3.09684026e+06  +9.25788220e-01
    108.5000  +2.78030449e+06  +9.25782069e-01
    109.5000  +2.51755964e+06  +9.25782590e-01
    110.5000  +7.41394753e+04  +9.24519071e-01
    111.5000  +6.20467877e+04  +9.23841017e-01
    112.5000  +4.87157355e+04  +9.23345065e-01
    113.5000  +3.98936934e+04  +9.22712453e-01
    114.5000  +3.73810996e+04  +9.22667792e-01
    115.5000  +3.62518986e+04  +9.22938063e-01
    116.5000  +3.47196310e+04  +9.22783026e-01
    117.5000  +3.14111983e+04  +9.22731431e-01
    118.5000  +3.34656916e+04  +9.23343169e-01
    119.5000  +3.90582086e+04  +9.24291627e-01
    120.5000  +5.55783120e+04  +9.24690308e-01
    121.5000  +2.76385430e+05  +9.26092041e-01
    122.5000  +6.23581272e+04  +9.24934035e-01
    123.5000  +3.17581190e+04  +9.23730827e-01
    124.5000  +2.71143484e+04  +9.22575288e-01
    125.5000  +2.75549237e+04  +9.21690980e-01
    126.5000  +2.83081952e+04  +9.21627904e-01
    127.5000  +2.75359406e+04  +9.21068597e-01
    128.5000  +3.22759181e+04  +9.20502279e-01
    129.5000  +3.23921989e+04  +9.20597976e-01
    130.5000  +3.40012218e+04  +9.20619730e-01
    131.5000  +3.39436984e+04  +9.20291363e-01
    132.5000  +4.10957115e+04  +9.20426175e-01
    133.5000  +4.41141256e+04  +9.20779229e-01
    134.5000  +4.22805554e+04  +9.20558978e-01
    135.5000  +4.06474248e+04  +9.20775344e-01
    136.5000  +4.52556247e+04  +9.20884507e-01
    137.5000  +5.03991689e+04  +9.21297358e-01
    138.5000  +5.02285488e+04  +9.21655371e-01
    139.5000  +5.53605460e+04  +9.21742156e-01
    140.5000  +4.70236566e+04  +9.21624120e-01
    141.5000  +4.53085116e+04  +9.21703839e-01
    142.5000  +4.41336439e+04  +9.21735493e-01
    143.5000  +3.83935173e+04  +9.21775589e-01
    144.2000  +3.00166626e+04  +9.20990364e-01
    144.7000  +3.83961414e+04  +9.21667214e-01
    145.5000  +3.55991604e+04  +9.21393051e-01
    146.5000  +2.70639535e+04  +9.21311196e-01
    147.5000  +2.62454464e+04  +9.21314189e-01
    148.5000  +2.83175208e+04  +9.21453774e-01
    149.5000  +2.29102485e+04  +9.20877682e-01
    150.5000  +1.93775419e+04  +9.20629086e-01
    151.2000  +3.51524246e+04  +9.21665757e-01
    151.7000  +2.67475006e+04  +9.21462342e-01
    152.5000  +4.32935074e+03  +9.17801822e-01
    153.5000  +2.45553419e+03  +9.16386498e-01
    154.5000  +3.49425895e+03  +9.17617538e-01
    155.5000  +2.03932497e+03  +9.16214399e-01
    156.5000  +2.34738609e+03  +9.17384882e-01
    157.5000  +1.23241391e+03  +9.14773416e-01
    158.5000  +1.11685556e+03  +9.14234329e-01
    159.5000  +1.03644257e+03  +9.13811331e-01
    160.5000  +1.05749842e+03  +9.14232614e-01
    161.5000  +1.05687308e+03  +9.14230113e-01
    162.5000  +1.01836634e+03  +9.15054405e-01
    163.5000  +9.28084450e+02  +9.13686873e-01
    164.5000  +7.11168319e+02  +9.12215853e-01
    165.5000  +1.08202437e+03  +9.15698413e-01
    166.5000  +7.00886911e+02  +9.13067792e-01
    167.2000  +1.03707248e+03  +9.15615506e-01
    167.7000  +3.12217796e+02  +9.04947645e-01
    168.5000  +3.00988788e+02  +9.05177273e-01
    169.5000  +2.57294797e+02  +9.06270471e-01
    170.5000  +2.60414724e+02  +9.04773266e-01
    171.5000  +3.04881207e+02  +8.98356821e-01
    172.5000  +2.56368578e+02  +8.99071865e-01
    173.5000  +2.38160198e+02  +8.93250331e-01
    174.5000  +1.88831666e+02  +8.91497098e-01
    175.5000  +1.63113957e+02  +8.79983836e-01
    176.5000  +1.70428597e+02  +8.93013834e-01
    177.5000  +1.73942118e+02  +8.86655598e-01
    178.5000  +1.48712804e+02  +8.79996948e-01
    179.5000  +1.40659026e+02  +8.64660887e-01
    180.5000  +1.31874821e+02  +8.77439977e-01
    181.5000  +1.44398842e+02  +8.88967743e-01
    182.5000  +1.21993822e+02  +8.83575585e-01
    183.5000  +1.25748559e+02  +8.86457735e-01
    184.5000  +1.54001708e+02  +9.02094273e-01
    185.5000  +1.26627322e+02  +8.81391371e-01
    186.5000  +1.19700200e+02  +8.71874327e-01
    187.5000  +1.15765517e+02  +8.74853565e-01
    188.5000  +1.13377963e+02  +8.74822285e-01
    189.5000  +9.91851555e+01  +8.64488826e-01
    190.5000  +1.01820611e+02  +8.70627089e-01
    191.5000  +1.00340090e+02  +8.66800318e-01
    192.5000  +9.85728969e+01  +8.82608748e-01
    193.5000  +1.21327030e+02  +9.04001812e-01
    194.5000  +9.09191130e+01  +8.68443509e-01
    195.5000  +9.10233171e+01  +8.68661637e-01
    196.7000  +7.98408582e+01  +8.58388551e-01
    197.6000  +8.10765390e+01  +8.73345771e-01
    198.4000  +7.57332245e+01  +8.57361915e-01
    199.5000  +7.71329784e+01  +8.51517360e-01
    200.5000  +7.77425816e+01  +8.60587103e-01
    201.5000  +7.59451490e+01  +8.58909935e-01
    202.5000  +8.59976106e+01  +8.79487566e-01
    203.5000  +7.55274179e+01  +8.58853112e-01
    204.5000  +7.18334044e+01  +8.54355517e-01
    205.5000  +6.98337322e+01  +8.61954878e-01
    206.5000  +6.99886139e+01  +8.66816076e-01
    207.4000  +7.09755006e+01  +8.63991312e-01
    207.8000  +2.61282091e+01  +8.49437830e-01
    208.5000  +2.20193876e+01  +8.47887834e-01
    209.5000  +2.38560474e+01  +8.50422098e-01
    210.5000  +2.29013360e+01  +8.60319077e-01
    211.5000  +2.12996345e+01  +8.58067893e-01
    212.5000  +2.22736163e+01  +8.67888581e-01
    213.5000  +2.14408876e+01  +8.72819558e-01
    214.5000  +1.91073078e+01  +8.67710986e-01
    215.5000  +2.18365067e+01  +8.61945644e-01
    216.5000  +2.31364562e+01  +8.70954660e-01
    217.5000  +2.53755495e+01  +8.65199944e-01
    218.5000  +1.91890989e+01  +8.69590736e-01
    219.5000  +2.19610634e+01  +8.64165117e-01
    220.5000  +2.09745930e+01  +8.70652509e-01
    221.5000  +2.62542205e+01  +8.75856038e-01
    222.5000  +2.10563910e+01  +8.78514997e-01
    223.5000  +1.66752889e+01  +8.80293469e-01
    224.5000  +1.71940145e+01  +8.81746870e-01
    225.5000  +2.13204382e+01  +8.87039682e-01
    226.5000  +2.63777153e+01  +8.82105845e-01
    227.5000  +2.59842484e+01  +8.80355066e-01
    228.5000  +1.71506599e+01  +8.86843519e-01
    229.5000  +2.20308384e+01  +8.84542248e-01
    230.5000  +1.88626186e+01  +8.83504890e-01
    231.5000  +2.19334232e+01  +8.84818255e-01
    232.5000  +2.30259514e+01  +8.94130030e-01
    233.5000  +2.43921842e+01  +9.02447054e-01
    234.5000  +3.63936074e+01  +9.09608273e-01
    235.5000  +2.16291709e+01  +8.94899212e-01
    236.5000  +3.31324806e+01  +9.08982601e-01
    237.5000  +2.77683491e+01  +9.02147074e-01
    238.5000  +4.20706383e+01  +9.14055201e-01
    239.5000  +3.50498581e+01  +9.10421288e-01
    240.5000  +3.39608889e+01  +9.12021061e-01
    241.5000  +3.24746437e+01  +9.05724695e-01
    242.5000  +2.03431919e+01  +8.98728493e-01
    243.5000  +1.97186150e+01  +9.01902447e-01
    244.5000  +1.68709939e+01  +9.01932751e-01
    245.5000  +1.57772889e+01  +9.03455036e-01
    246.5000  +2.10624219e+01  +8.96069178e-01
    247.5000  +2.42169548e+01  +8.97162206e-01
    248.5000  +5.70909172e+01  +8.99499233e-01
    249.5000  +3.70187586e+01  +9.00338458e-01
    250.5000  +2.47863870e+01  +8.90276609e-01
    251.3000  +5.14494906e+01  +9.12358275e-01
    251.8000  +6.95602609e+01  +9.18086675e-01
    252.5000  +6.21217494e+01  +9.15784400e-01
    253.5000  +2.87810012e+01  +9.13806431e-01
    254.5000  +2.87704384e+01  +9.10865693e-01
    255.5000  +1.15029357e+01  +9.29934913e-01
    256.5000  +1.72142939e+01  +9.21400562e-01
    257.5000  +1.22759827e+01  +9.29317816e-01
    258.5000  +1.43954072e+01  +9.26295976e-01
    259.5000  +1.65497109e+01  +9.25018126e-01
    260.5000  +1.98441001e+01  +9.23080242e-01
    261.5000  +2.26675721e+01  +9.23012955e-01
    262.5000  +1.67075296e+01  +9.23619434e-01
    263.5000  +7.44954045e+00  +9.48223248e-01
    264.5000  +6.14720250e+00  +9.48490872e-01
    265.5000  +2.99596016e+00  +9.88460581e-01
    266.5000  +6.78030045e+00  +9.48505577e-01
    267.5000  +6.04640399e+00  +9.51383262e-01
    268.5000  +4.49920225e+00  +9.67943385e-01
    269.5000  +8.13305846e+00  +9.39897128e-01
    270.5000  +6.07739343e+00  +9.50344013e-01
    271.5000  +9.73649390e+00  +9.34471966e-01
    272.5000  +1.72809824e+01  +9.11326685e-01
    273.5000  +1.15282790e+01  +9.23799544e-01
    274.5000  +1.95882096e+01  +9.24869658e-01
    275.5000  +1.30271682e+01  +9.30710837e-01
    276.5000  +9.38488171e+00  +9.37378601e-01
    277.5000  +9.60685658e+00  +9.32035059e-01
    278.5000  +1.82588580e+01  +9.25560084e-01
    279.5000  +4.22260930e+01  +9.25870091e-01
    280.5000  +3.46098092e+01  +9.25625895e-01
    281.5000  +1.21614190e+01  +9.26122252e-01
    282.5000  +8.42818525e+00  +9.29657172e-01
    283.5000  +1.02496630e+01  +9.21477730e-01
    284.5000  +2.02965002e+01  +9.00349693e-01
    285.5000  +3.94059261e+01  +9.09391062e-01
    286.5000  +1.36297650e+01  +9.06173606e-01
    287.5000  +6.46353338e+00  +9.45174738e-01
    288.5000  +7.49927752e+00  +9.38773296e-01
    289.5000  +4.51095811e+00  +9.67475337e-01
    291.0000  +2.87750502e+00  +9.86973426e-01
    293.0000  +3.81437122e+00  +9.72625752e-01
    295.0000  +4.85492219e+00  +9.60275995e-01
    297.0000  +5.35130037e+00  +9.50985377e-01
    299.0000  +5.21910402e+00  +9.53591269e-01
    301.0000  +6.31288686e+00  +9.41200850e-01
    303.0000  +5.21104364e+00  +9.53600198e-01
    305.0000  +5.07670039e+00  +9.53787566e-01
    307.0000  +4.07711465e+00  +9.64885166e-01
    309.0000  +4.93795456e+00  +9.52190802e-01
    311.0000  +3.44745696e+00  +9.73605056e-01
    313.0000  +4.18715175e+00  +9.63666339e-01
    315.0000  +4.54892026e+00  +9.57179967e-01
    317.0000  +3.80629138e+00  +9.67621138e-01
    319.0000  +4.83952712e+00  +9.58483325e-01
    321.0000  +4.42912103e+00  +9.61283362e-01
    323.0000  +5.86852149e+00  +9.50081410e-01
    325.0000  +3.21253635e+00  +9.78938575e-01
    327.0000  +2.28951658e+00  +9.93848844e-01
    329.0000  +2.53068226e+00  +9.89146437e-01
    331.0000  +3.32137722e+00  +9.72875213e-01
    333.0000  +3.11217297e+00  +9.77032328e-01
    335.0000  +3.43263700e+00  +9.72401317e-01
    337.0000  +6.12713007e+00  +9.43452552e-01
    339.0000  +5.01526525e+00  +9.53090505e-01
    341.0000  +5.00380034e+00  +9.54427327e-01
    343.0000  +4.52305034e+00  +9.59613252e-01
    345.0000  +4.33138028e+00  +9.61415142e-01
    347.0000  +3.96150017e+00  +9.67203198e-01
    349.0000  +3.16661643e+00  +9.77688628e-01
    351.0000  +2.95699989e+00  +9.80821627e-01
    353.0000  +3.93541434e+00  +9.67124194e-01
    355.0000  +3.07778276e+00  +9.79540960e-01
    357.0000  +6.33817229e+00  +9.45897904e-01
    359.0000  +6.36071842e+00  +9.43266383e-01
    361.0000  +4.03135605e+00  +9.63919723e-01
    363.0000  +4.00958472e+00  +9.63373566e-01
    364.0000  +3.68047636e+00  +9.67474149e-01
    365.0000  +2.93632890e+00  +9.76944639e-01
    367.0000  +2.55594042e+00  +9.84056622e-01
    369.0000  +3.21904350e+00  +9.74024556e-01
    371.0000  +2.93923111e+00  +9.77331541e-01
    373.0000  +6.55354517e+00  +9.41408309e-01
    375.0000  +5.32280275e+00  +9.51579795e-01
    377.0000  +3.48221383e+00  +9.72694176e-01
    379.0000  +3.49899416e+00  +9.75398965e-01
    381.0000  +4.53028037e+00  +9.59753802e-01
    383.0000  +1.04934332e+01  +9.26215958e-01
    385.0000  +7.70572445e+00  +9.33256166e-01
    387.0000  +8.46003284e+00  +9.24125406e-01
    389.0000  +4.85835413e+00  +9.51466243e-01
    391.0000  +2.98627039e+00  +9.82255636e-01
    393.0000  +8.40705613e+00  +9.42891734e-01
    395.0000  +3.68215138e+00  +9.71173358e-01
    397.0000  +6.41931654e+00  +9.49936471e-01
    399.0000  +1.70242910e+00  +9.99023622e-01
    401.0000  +1.41612297e+00  +9.90996802e-01
    403.0000  +1.51368244e+00  +9.94953450e-01
    405.0000  +1.78695051e+00  +9.98883408e-01
    407.0000  +2.17536457e+00  +9.96032673e-01
    409.0000  +1.30103641e+00  +9.92114295e-01
    411.0000  +1.29535114e+00  +9.94346992e-01
    413.0000  +1.52048596e+00  +9.95387886e-01
    415.0000  +1.70212885e+00  +9.98265038e-01
    417.0000  +1.53323479e+00  +9.94532364e-01
    419.0000  +1.93912160e+00  +9.98637493e-01
    421.0000  +1.82437703e+00  +9.99135669e-01
    423.0000  +2.04132009e+00  +9.96642430e-01
    425.0000  +2.09491891e+00  +9.95457352e-01
    427.0000  +2.54816218e+00  +9.86199529e-01
    429.0000  +3.18094335e+00  +9.75188397e-01
    431.0000  +4.59680925e+00  +9.54902123e-01
    433.0000  +1.80398791e+00  +9.97894441e-01
    435.0000  +1.84300151e+00  +9.97421512e-01
    437.0000  +1.52614488e+00  +9.98669627e-01
    439.0000  +2.14421431e+00  +9.93627407e-01
    441.0000  +1.64359568e+00  +9.99192792e-01
    443.0000  +1.16666386e+00  +9.80214966e-01
    445.0000  +1.28607877e+00  +9.91201155e-01
    447.0000  +9.59326809e-01  +9.49215234e-01
    449.0000  +8.79824591e-01  +9.29778804e-01
    451.0000  +3.73647133e-01  +5.50168925e-01
    453.0000  +9.34218222e-01  +9.48255032e-01
    455.0000  +6.99629677e-01  +8.56683723e-01
    457.0000  +4.72597309e-01  +6.78913887e-01
    459.0000  +7.42736038e-01  +8.89563389e-01
    461.0000  +6.70786866e-01  +8.50288695e-01
    463.0000  +7.07932968e-01  +8.69851885e-01
    465.0000  +7.15487352e-01  +8.79162449e-01
    467.0000  +5.61923084e-01  +7.75297912e-01
    469.0000  +6.72736761e-01  +8.60146399e-01
    471.0000  +7.29181040e-01  +8.92471054e-01
    473.0000  +6.07204303e-01  +8.17751680e-01
    475.0000  +5.10783030e-01  +7.46921286e-01
    477.0000  +4.90630752e-01  +7.29187659e-01
    479.0000  +4.95228692e-01  +7.36460032e-01
    481.0000  +5.68674513e-01  +8.05086210e-01
    483.0000  +4.92287631e-01  +7.49247630e-01
    485.0000  +8.36606711e-01  +9.66648234e-01
    487.0000  +1.17106365e+00  +9.98373657e-01
    489.0000  +8.15303544e-01  +9.48095694e-01
    491.0000  +7.69776533e-01  +9.29956803e-01
    493.0000  +8.82249731e-01  +9.58855750e-01
    495.0000  +6.65508398e-01  +8.81374639e-01
    497.0000  +6.43979047e-01  +8.70450970e-01
    499.0000  +1.00137565e+00  +9.79205853e-01
    501.0000  +1.22837054e+00  +9.96224485e-01
    503.0000  +9.63928330e-01  +9.76572245e-01
    505.0000  +9.64147377e-01  +9.75717503e-01
    507.0000  +7.08268479e-01  +9.06341087e-01
    509.0000  +9.72380720e-01  +9.76123229e-01
    511.0000  +9.01916401e-01  +9.64219569e-01
    513.0000  +9.89959881e-01  +9.78061849e-01
    515.0000  +1.23286864e+00  +9.96764276e-01
    517.0000  +1.92638074e+00  +9.93296681e-01
    519.0000  +1.67201305e+00  +9.97084444e-01
    521.0000  +1.14058616e+00  +9.93458496e-01
    523.0000  +1.00316175e+00  +9.84347831e-01
    525.0000  +7.91213855e-01  +9.49023760e-01
    527.0000  +1.47450788e+00  +9.99701422e-01
    529.0000  +7.97201738e-01  +9.52499445e-01
    531.0000  +5.47499589e-01  +8.35421464e-01
    533.0000  +1.14652079e+00  +9.95631424e-01
    535.0000  +7.27269948e-01  +9.34914158e-01
    537.0000  +7.73256123e-01  +9.49173418e-01
    539.0000  +8.29784735e-01  +9.63728309e-01
    541.0000  +9.90609762e-01  +9.87292131e-01
    543.0000  +9.00035971e-01  +9.76768101e-01
    545.0000  +7.52971172e-01  +9.46897387e-01
    547.0000  +7.84021556e-01  +9.55965546e-01
    549.0000  +7.19887802e-01  +9.36617468e-01
    551.0000  +8.10832156e-01  +9.63683767e-01
    553.0000  +7.24656854e-01  +9.41151169e-01
    555.0000  +6.70035580e-01  +9.25144660e-01
    557.0000  +8.10664188e-01  +9.67045751e-01
    559.0000  +9.16487022e-01  +9.83346825e-01
    561.0000  +7.24588889e-01  +9.46948497e-01
    563.0000  +7.16874605e-01  +9.43762736e-01
    565.0000  +6.64068792e-01  +9.24357459e-01
    567.0000  +7.72416699e-01  +9.59828255e-01
    569.0000  +6.93193193e-01  +9.41601254e-01
    571.0000  +8.31345688e-01  +9.74502670e-01
    573.0000  +4.85046874e-01  +8.20729822e-01
    575.0000  +6.36816687e-01  +9.19294063e-01
    577.0000  +5.88638001e-01  +8.97947056e-01
    579.0000  +7.28527875e-01  +9.54377016e-01
    581.0000  +5.95133656e-01  +9.02849811e-01
    583.0000  +4.96064190e-01  +8.40488215e-01
    585.0000  +6.11907107e-01  +9.14293962e-01
    587.0000  +5.86360306e-01  +9.02445534e-01
    589.0000  +1.03152719e+00  +9.96406567e-01
    591.0000  +6.46714347e-01  +9.31994184e-01
    593.0000  +6.29715490e-01  +9.25938201e-01
    595.0000  +6.05337460e-01  +9.16919624e-01
    597.0000  +5.64488638e-01  +8.94436438e-01
    599.0000  +6.09817753e-01  +9.19855148e-01
    601.0000  +7.05294283e-01  +9.56818069e-01
    603.0000  +6.31285696e-01  +9.31622665e-01
    605.0000  +5.28258613e-01  +8.76884529e-01
    607.0000  +5.75842745e-01  +9.07666633e-01
    609.0000  +6.89809633e-01  +9.52942522e-01
    611.0000  +7.04268072e-01  +9.58436230e-01
    613.0000  +9.18322544e-01  +9.92148250e-01
    615.0000  +7.46880016e-01  +9.68715755e-01
    617.0000  +9.70535688e-01  +9.95993909e-01
    619.0000  +6.86600131e-01  +9.56267898e-01
    621.0000  +6.65073685e-01  +9.51450097e-01
    623.0000  +8.16543596e-01  +9.83249594e-01
    625.0000  +9.02747643e-01  +9.91202661e-01
    627.0000  +7.09635103e-01  +9.64051546e-01
    629.0000  +6.78677287e-01  +9.58107371e-01
    631.0000  +8.04687883e-01  +9.83160707e-01
    633.0000  +7.61087088e-01  +9.76084674e-01
    635.0000  +7.13982154e-01  +9.66146154e-01
    637.0000  +7.25506104e-01  +9.70266158e-01
    639.0000  +6.96393818e-01  +9.64266554e-01
    641.0000  +8.08074843e-01  +9.84821941e-01
    643.0000  +7.33175885e-01  +9.72434581e-01
    645.0000  +7.67411149e-01  +9.81363878e-01
    647.0000  +8.04559572e-01  +9.86405957e-01
    649.0000  +8.70018664e-01  +9.92674302e-01
    651.0000  +7.32085656e-01  +9.77962597e-01
    653.0000  +7.18821381e-01  +9.78209103e-01
    655.0000  +8.44936189e-01  +9.97251432e-01
    657.0000  +9.65567145e-01  +9.98561121e-01
    659.0000  +8.24576194e-01  +9.93854749e-01
    661.0000  +7.08100127e-01  +9.75908255e-01
    663.0000  +7.24819058e-01  +9.77028364e-01
    665.0000  +7.17731727e-01  +9.75598388e-01
    667.0000  +7.74079947e-01  +9.84448018e-01
    669.0000  +6.56616155e-01  +9.63040254e-01
    671.0000  +7.86641972e-01  +9.86175835e-01
    673.0000  +6.79813198e-01  +9.68864971e-01
    675.0000  +7.32481045e-01  +9.79685136e-01
    677.0000  +7.04407772e-01  +9.74578038e-01
    679.0000  +7.18560987e-01  +9.77379040e-01
    681.0000  +7.28732413e-01  +9.79945434e-01
    683.0000  +6.85624388e-01  +9.71795791e-01
    685.0000  +8.12160423e-01  +9.90523404e-01
    687.0000  +7.31466384e-01  +9.80642946e-01
    689.0000  +6.94937634e-01  +9.74951797e-01
    691.0000  +7.31089881e-01  +9.82102164e-01
    693.0000  +7.31229512e-01  +9.80979555e-01
    695.0000  +7.54842005e-01  +9.85662857e-01
    697.0000  +7.24066727e-01  +9.80367187e-01
    699.0000  +7.38535218e-01  +9.83650265e-01
    701.0000  +8.56812837e-01  +9.94707610e-01
    703.0000  +7.72201755e-01  +9.87590912e-01
    705.0000  +7.39000940e-01  +9.83943318e-01
    707.0000  +7.84603804e-01  +9.90335326e-01
    709.0000  +7.94428919e-01  +9.91116822e-01
    711.0000  +7.33834036e-01  +9.84286709e-01
    713.0000  +8.35821782e-01  +9.94018140e-01
    715.0000  +8.48428708e-01  +9.95508377e-01
    717.0000  +7.99628682e-01  +9.91758797e-01
    719.0000  +9.71225758e-01  +9.99467509e-01
    721.0000  +8.42878758e-01  +9.95294514e-01
    723.0000  +7.82712926e-01  +9.90535926e-01
    725.0000  +7.64727707e-01  +9.89376628e-01
    727.0000  +7.72947169e-01  +9.90037560e-01
    729.0000  +9.05080596e-01  +9.98251339e-01
    731.0000  +8.11829268e-01  +9.93550607e-01
    733.0000  +8.07906661e-01  +9.93710890e-01
    735.0000  +7.83496002e-01  +9.91472689e-01
    737.0000  +7.55413092e-01  +9.89097266e-01
    739.0000  +8.80977145e-01  +9.97881127e-01
    741.0000  +9.86485070e-01  +9.99794494e-01
    743.0000  +8.40607048e-01  +9.96504025e-01
    745.0000  +8.15917124e-01  +9.95042491e-01
    747.0000  +7.74262911e-01  +9.92086739e-01
    749.0000  +8.02126574e-01  +9.94554140e-01
    751.0000  +7.94012064e-01  +9.94094912e-01
    753.0000  +7.67527160e-01  +9.92423184e-01
    755.0000  +7.39013678e-01  +9.89707852e-01
    757.0000  +7.75051205e-01  +9.93014364e-01
    759.0000  +7.88270835e-01  +9.94059879e-01
    761.0000  +7.82240865e-01  +9.93847512e-01
    763.0000  +7.63900467e-01  +9.92489211e-01
    765.0000  +7.33563784e-01  +9.90407789e-01
    767.0000  +9.00738285e-01  +9.99252841e-01
    769.0000  +7.32859761e-01  +9.90106142e-01
    771.0000  +8.13819962e-01  +9.96167803e-01
    773.0000  +7.86398215e-01  +9.95324108e-01
    775.0000  +8.40922224e-01  +9.97793630e-01
    777.0000  +6.89681573e-01  +9.86516141e-01
    779.0000  +7.39969902e-01  +9.92121571e-01
    781.0000  +7.31958313e-01  +9.91475402e-01
    783.0000  +7.83964453e-01  +9.95643294e-01
    785.0000  +7.77490568e-01  +9.95388778e-01
    787.0000  +7.16321772e-01  +9.89751251e-01
    789.0000  +7.38681814e-01  +9.91550613e-01
    791.0000  +8.14234214e-01  +9.96645881e-01
    793.0000  +8.72064542e-01  +9.98767667e-01
    795.0000  +8.90503013e-01  +9.99138924e-01
    797.0000  +7.59746844e-01  +9.93518509e-01
    799.0000  +7.44316820e-01  +9.92779168e-01
    801.0000  +8.06180653e-01  +9.96904045e-01
    803.0000  +7.83642222e-01  +9.95948078e-01
    805.0000  +8.12222626e-01  +9.97412351e-01
    807.0000  +7.69033214e-01  +9.94757428e-01
    809.0000  +8.67213192e-01  +9.98876857e-01
    811.0000  +7.95562478e-01  +9.96148432e-01
    813.0000  +7.62861157e-01  +9.94454110e-01
    815.0000  +7.74542356e-01  +9.95368329e-01
    817.0000  +7.66522245e-01  +9.94921469e-01
    819.0000  +9.18143272e-01  +9.99687469e-01
    821.0000  +8.80647622e-01  +9.99387268e-01
    823.0000  +8.69054176e-01  +9.99227468e-01
    825.0000  +7.95993775e-01  +9.97139548e-01
    827.0000  +7.43018978e-01  +9.93925439e-01
    829.0000  +7.59471674e-01  +9.95260766e-01
    831.0000  +8.38591452e-01  +9.98438993e-01
    833.0000  +8.58236724e-01  +9.98841616e-01
    835.0000  +8.21035750e-01  +9.98146673e-01
    837.0000  +7.86963590e-01  +9.96884003e-01
    839.0000  +9.20750093e-01  +9.99682604e-01
    841.0000  +7.74713947e-01  +9.96538029e-01
    843.0000  +8.76592375e-01  +9.99496558e-01
    845.0000  +7.70359669e-01  +9.96654056e-01
    847.0000  +8.31173996e-01  +9.98809748e-01
    849.0000  +7.63433782e-01  +9.96467200e-01
    851.0000  +1.01824871e+00  +9.98758254e-01
    853.0000  +7.62020304e-01  +9.96766952e-01
    855.0000  +1.11066422e+00  +9.96567798e-01
    857.0000  +7.21985118e-01  +9.94550189e-01
    859.0000  +8.07804236e-01  +9.98673249e-01
    861.0000  +7.98910062e-01  +9.98555423e-01
    863.0000  +7.51003632e-01  +9.96670180e-01
    865.0000  +7.17793995e-01  +9.94785647e-01
    867.0000  +1.14880906e+00  +9.95092467e-01
    869.0000  +8.87588081e-01  +9.99601502e-01
    871.0000  +7.80548908e-01  +9.97858906e-01
    873.0000  +7.62340865e-01  +9.97542730e-01
    875.0000  +8.07814642e-01  +9.99131696e-01
    877.0000  +7.32824699e-01  +9.96280410e-01
    879.0000  +7.62930795e-01  +9.97372815e-01
    881.0000  +8.88663026e-01  +9.99619088e-01
    883.0000  +7.87520442e-01  +9.98243561e-01
    885.0000  +7.49132879e-01  +9.97892836e-01
    887.0000  +8.26245532e-01  +9.99217748e-01
    889.0000  +7.09375815e-01  +9.95276938e-01
    891.0000  +6.54039215e-01  +9.89703908e-01
    893.0000  +7.46365831e-01  +9.96650443e-01
    895.0000  +7.57657143e-01  +9.97487955e-01
    897.0000  +7.27720382e-01  +9.96143317e-01
    899.0000  +6.98293592e-01  +9.94792022e-01
    901.0000  +8.84693304e-01  +9.98632436e-01
    903.0000  +7.29004943e-01  +9.97514888e-01
    905.0000  +6.37885821e-01  +9.89191409e-01
    907.0000  +6.65810468e-01  +9.91678666e-01
    909.0000  +7.98923001e-01  +9.98915798e-01
    911.0000  +7.48043281e-01  +9.97154049e-01
    913.0000  +6.75813798e-01  +9.93368767e-01
    915.0000  +6.77183494e-01  +9.93120346e-01
    917.0000  +6.73669298e-01  +9.93059990e-01
    919.0000  +6.22353249e-01  +9.88697419e-01
    921.0000  +7.31680117e-01  +9.97754302e-01
    923.0000  +6.57613077e-01  +9.95599526e-01
    925.0000  +7.36082662e-01  +9.98117133e-01
    927.0000  +6.77751272e-01  +9.94473767e-01
    929.0000  +6.64660066e-01  +9.92585674e-01
    931.0000  +6.26678832e-01  +9.88709546e-01
    933.0000  +6.53604978e-01  +9.91522411e-01
    935.0000  +6.60262488e-01  +9.92223275e-01
    937.0000  +6.87967227e-01  +9.94815289e-01
    939.0000  +6.33914961e-01  +9.90004355e-01
    941.0000  +7.88086132e-01  +9.99145914e-01
    943.0000  +6.32237471e-01  +9.89432750e-01
    945.0000  +7.15934721e-01  +9.96865025e-01
    947.0000  +6.23049848e-01  +9.89138951e-01
    949.0000  +5.98130482e-01  +9.86056042e-01
    951.0000  +6.23425636e-01  +9.90628118e-01
    953.0000  +6.46944378e-01  +9.94195578e-01
    955.0000  +6.32877721e-01  +9.94730180e-01
    957.0000  +6.81933381e-01  +9.96353714e-01
    959.0000  +5.95404094e-01  +9.87005247e-01
    961.0000  +6.19714683e-01  +9.88666232e-01
    963.0000  +6.41323463e-01  +9.92127596e-01
    965.0000  +7.05173216e-01  +9.96885862e-01
    967.0000  +6.53407901e-01  +9.93497998e-01
    969.0000  +5.92470917e-01  +9.86729425e-01
    971.0000  +6.45360881e-01  +9.92249126e-01
    973.0000  +6.31647431e-01  +9.90540938e-01
    975.0000  +6.54971884e-01  +9.93523677e-01
    977.0000  +6.35846166e-01  +9.91881438e-01
    979.0000  +6.67863689e-01  +9.94518152e-01
    981.0000  +6.04149443e-01  +9.87754436e-01
    983.0000  +6.01536312e-01  +9.88328131e-01
    985.0000  +5.76648954e-01  +9.85170631e-01
    987.0000  +6.23139188e-01  +9.91250171e-01
    989.0000  +6.03068836e-01  +9.89584482e-01
    991.0000  +6.03906702e-01  +9.88437855e-01
    993.0000  +5.59463611e-01  +9.82607915e-01
    995.0000  +5.64374182e-01  +9.82718469e-01
    997.0000  +5.55480410e-01  +9.82126173e-01
    999.0000  +5.67107795e-01  +9.84617542e-01
   1002.5000  +5.77915510e-01  +9.89458978e-01
   1007.5000  +5.64670509e-01  +9.87855778e-01
   1012.5000  +5.47461779e-01  +9.81842186e-01
   1017.5000  +5.82155269e-01  +9.87892955e-01
   1022.5000  +5.64224044e-01  +9.84473246e-01
   1027.5000  +5.22938550e-01  +9.77082902e-01
   1032.5000  +5.81394232e-01  +9.87627933e-01
   1037.5000  +5.69528848e-01  +9.87083698e-01
   1042.5000  +5.22121855e-01  +9.77030364e-01
   1047.5000  +5.28800713e-01  +9.78928895e-01
   1052.5000  +5.08974613e-01  +9.75397871e-01
   1057.5000  +5.23500853e-01  +9.80018608e-01
   1062.5000  +5.33978276e-01  +9.82509404e-01
   1067.5000  +5.60730700e-01  +9.87473995e-01
   1072.5000  +5.14544409e-01  +9.78580515e-01
   1077.5000  +5.53872331e-01  +9.86371875e-01
   1082.5000  +5.92715323e-01  +9.92519918e-01
   1087.5000  +5.64375657e-01  +9.90036214e-01
   1092.5000  +4.71464095e-01  +9.78888430e-01
   1097.5000  +5.56183025e-01  +9.91646395e-01
   1102.5000  +4.72031616e-01  +9.71919527e-01
   1107.5000  +4.45019556e-01  +9.62277099e-01
   1112.5000  +4.48612582e-01  +9.63841643e-01
   1117.5000  +4.61348955e-01  +9.69406693e-01
   1122.5000  +4.25186297e-01  +9.56228599e-01
   1127.5000  +4.75593605e-01  +9.75885507e-01
   1132.5000  +4.25842464e-01  +9.59485352e-01
   1137.5000  +4.56105757e-01  +9.68242334e-01
   1142.5000  +4.78663225e-01  +9.76342705e-01
   1147.5000  +3.96970765e-01  +9.43316832e-01
   1152.5000  +3.81388904e-01  +9.36214907e-01
   1157.5000  +4.00869572e-01  +9.50624786e-01
   1162.5000  +4.39872321e-01  +9.66383088e-01
   1167.5000  +3.87166579e-01  +9.47670452e-01
   1172.5000  +3.40737960e-01  +9.09798315e-01
   1177.5000  +3.77222109e-01  +9.39667432e-01
   1182.5000  +3.93583065e-01  +9.50978159e-01
   1187.5000  +4.01949595e-01  +9.54639111e-01
   1192.5000  +3.05101394e-01  +8.79198782e-01
   1197.5000  +4.42769291e-01  +9.71127822e-01
   1202.5000  +3.42223664e-01  +9.20751974e-01
   1207.5000  +3.63232585e-01  +9.37228060e-01
   1212.5000  +3.06401369e-01  +8.86748380e-01
   1217.5000  +2.54507080e-01  +8.25356089e-01
   1222.5000  +2.52089569e-01  +8.21080668e-01
   1227.5000  +2.72726043e-01  +8.48543536e-01
   1232.5000  +2.52190253e-01  +8.17159767e-01
   1237.5000  +2.48337070e-01  +8.11390410e-01
   1242.5000  +2.47087373e-01  +8.19281016e-01
   1247.5000  +2.23413435e-01  +7.65476903e-01
   1252.5000  +2.27048337e-01  +7.84697520e-01
   1257.5000  +2.15447840e-01  +7.60417496e-01
   1262.5000  +2.16219051e-01  +7.55854259e-01
   1267.5000  +2.36015540e-01  +8.02547332e-01
   1272.5000  +1.96523188e-01  +7.21992158e-01
   1277.5000  +1.97899401e-01  +7.53424464e-01
   1282.5000  +2.46088193e-01  +8.73551227e-01
   1287.5000  +2.07602562e-01  +7.71526343e-01
   1292.5000  +1.94829471e-01  +7.26642717e-01
   1297.5000  +1.47860981e-01  +5.95972600e-01
   1302.5000  +1.66853748e-01  +6.51936795e-01
   1307.5000  +1.34889017e-01  +5.40745101e-01
   1312.5000  +1.77850088e-01  +6.88977709e-01
   1317.5000  +1.68899686e-01  +6.64435008e-01
   1322.5000  +1.08858684e-01  +4.57695133e-01
   1327.5000  +1.56809662e-01  +6.29146615e-01
   1332.5000  +1.06864257e-01  +4.55560946e-01
   1337.5000  +1.06976968e-01  +4.56011519e-01
   1342.5000  +6.38399558e-02  +2.71962122e-01
   1347.5000  +6.69966833e-02  +2.88790877e-01
   1352.5000  +4.99522573e-02  +2.16842105e-01
   1357.5000  +9.71887666e-02  +4.24934075e-01
   1362.5000  +7.97405563e-02  +3.49157240e-01
   1367.5000  +5.29382165e-02  +2.29584897e-01
   1372.5000  +1.82389467e-02  +7.78239058e-02
   1377.5000  +3.12042904e-02  +1.36486478e-01
   1382.5000  +1.04637651e-02  +4.46597737e-02
   1387.5000  +2.60805306e-02  +1.12888846e-01
   1392.5000  -8.81819209e-04  -3.77015272e-03
   1397.5000  -8.05720871e-03  -3.41335583e-02
   1402.5000  +2.28538258e-02  +1.02036802e-01
   1407.5000  -2.00514596e-02  -8.30033241e-02
   1412.5000  +8.14054596e-03  +3.56008398e-02
   1417.5000  -4.87624395e-02  -1.96102800e-01
   1422.5000  +6.93223875e-03  +3.10260145e-02
   1427.5000  +4.60919303e-02  +2.15785303e-01
   1432.5000  -4.48565541e-02  -1.82742605e-01
   1437.5000  -8.60632879e-02  -3.21693827e-01
   1442.5000  -3.51809539e-03  -1.60670093e-02
   1447.5000  -8.53507761e-02  -3.19719006e-01
   1452.5000  -4.70560854e-02  -1.98075832e-01
   1457.0000  -6.76082824e-02  -2.67652786e-01
   1462.0000  -1.11260401e-01  -4.00120008e-01
   1467.5000  -1.14264769e-01  -4.09554482e-01
   1472.5000  -7.49673051e-02  -2.99252726e-01
   1477.5000  -1.02829512e-01  -3.86390746e-01
   1482.5000  -1.14458706e-01  -4.17379458e-01
   1487.5000  -4.91821847e-02  -2.14647522e-01
   1492.5000  -1.60216387e-01  -5.20649149e-01
   1497.5000  -1.26029573e-01  -4.50452455e-01
   1502.5000  -1.26886541e-02  -6.18619382e-02
   1507.5000  -5.09037140e-02  -2.26568342e-01
   1512.5000  -1.61848142e-01  -5.26945721e-01
   1517.5000  -1.78440992e-01  -5.54290559e-01
   1522.5000  -1.49585477e-01  -5.08546667e-01
   1527.5000  -1.85977864e-01  -5.75411092e-01
   1532.5000  -1.79141201e-01  -5.71128744e-01
   1537.5000  -1.91292352e-01  -5.91126349e-01
   1542.5000  -2.30656489e-01  -6.46426845e-01
   1547.5000  -2.20585276e-01  -6.36671456e-01
   1552.5000  -1.81487498e-01  -5.87293838e-01
   1557.5000  -1.89338683e-01  -5.98227158e-01
   1562.5000  -2.24414073e-01  -6.56695689e-01
   1567.5000  -1.73431463e-01  -5.78891057e-01
   1572.5000  -2.25518897e-01  -6.60484260e-01
   1577.5000  -9.42865052e-02  -4.08931032e-01
   1582.5000  -1.83573986e-01  -6.09002080e-01
   1587.5000  -1.20192565e-01  -4.83395079e-01
   1592.5000  -1.96772347e-01  -6.23009157e-01
   1597.5000  -2.32525622e-01  -6.67890507e-01
   1605.0000  -2.37576011e-01  -6.87604672e-01
   1615.0000  -2.35072499e-01  -6.93243710e-01
   1625.0000  -2.69757417e-01  -7.11151318e-01
   1635.0000  -2.50479850e-01  -7.09502220e-01
   1645.0000  -2.50530974e-01  -7.16238136e-01
   1655.0000  -2.91591689e-01  -7.36619517e-01
   1665.0000  -2.96985425e-01  -7.38924378e-01
   1675.0000  -2.43420373e-01  -7.16130852e-01
   1685.0000  -2.45757463e-01  -7.24811122e-01
   1695.0000  -3.05722079e-01  -7.46570961e-01
   1705.0000  -2.64642745e-01  -7.14896403e-01
   1715.0000  -2.67351976e-01  -7.14263570e-01
   1725.0000  -2.45726691e-01  -7.03768568e-01
   1735.0000  -2.12827517e-01  -7.09343193e-01
   1745.0000  -2.31012022e-01  -7.04702917e-01
   1755.0000  -2.59622284e-01  -7.14606589e-01
   1765.0000  -2.64594973e-01  -7.18012815e-01
   1775.0000  -2.45664063e-01  -6.95276638e-01
   1785.0000  -2.57819143e-01  -7.13883162e-01
   1795.0000  -2.43979360e-01  -6.94308920e-01
   1805.0000  -2.26747478e-01  -6.87124804e-01
   1815.0000  -2.02415546e-01  -7.10337044e-01
   1825.0000  -1.91905711e-01  -6.62098395e-01
   1835.0000  -2.11634032e-01  -6.69586850e-01
   1845.0000  -1.78012229e-01  -6.18238274e-01
   1855.0000  -2.06964053e-01  -6.61381124e-01
   1865.0000  -1.55786034e-01  -5.89878033e-01
   1875.0000  -1.31612282e-01  -5.98907457e-01
   1885.0000  -1.74323554e-01  -6.33398434e-01
   1895.0000  -1.09082338e-01  -4.84605031e-01
   1905.0000  -1.87299736e-01  -6.38028527e-01
   1915.0000  -1.73249226e-01  -6.15908939e-01
   1925.0000  -1.67559919e-01  -6.09465724e-01
   1935.0000  -1.25122667e-01  -5.36222287e-01
   1945.0000  -1.07289666e-01  -5.46856152e-01
   1955.0000  -1.40377190e-01  -5.82169122e-01
   1965.0000  -1.39986231e-01  -5.60442594e-01
   1975.0000  -1.21048512e-01  -5.12547890e-01
   1985.0000  -1.40012033e-01  -5.66681340e-01
   1995.0000  -1.36286714e-01  -5.47436977e-01
   2005.0000  -1.64894591e-01  -6.04808707e-01
   2015.0000  -1.78803048e-01  -6.38026162e-01
   2025.0000  -1.40965289e-01  -5.62502996e-01
   2035.0000  -1.10674222e-01  -4.92531648e-01
   2045.0000  -1.54721556e-01  -5.90505119e-01
   2055.0000  -1.48719433e-01  -5.91589686e-01
   2065.0000  -1.18939565e-01  -5.28315431e-01
   2075.0000  -1.23337819e-01  -5.31944173e-01
   2085.0000  -1.36083466e-01  -5.64028807e-01
   2095.0000  -9.56593324e-02  -4.60858749e-01
   2105.0000  -1.26759861e-01  -5.35632300e-01
   2115.0000  -1.17268277e-01  -5.12564874e-01
   2125.0000  -1.11466726e-01  -5.02969610e-01
   2135.0000  -1.23086681e-01  -5.33853707e-01
   2145.0000  -1.13734032e-01  -5.23491607e-01
   2155.0000  -1.02766385e-01  -4.97335710e-01
   2165.0000  -9.48313504e-02  -5.17306136e-01
   2175.0000  -7.44968725e-02  -3.97685141e-01
   2185.0000  -7.08934332e-02  -3.76980988e-01
   2195.0000  -1.06166663e-01  -4.90861173e-01
   2205.0000  -4.56695699e-02  -2.62285086e-01
   2215.0000  -9.36881350e-02  -4.54492098e-01
   2225.0000  -8.11841591e-02  -4.15612642e-01
   2235.0000  -7.79197641e-02  -4.06216533e-01
   2245.0000  -6.19830307e-02  -3.37567793e-01
   2255.0000  -7.86734499e-02  -4.10229558e-01
   2265.0000  -4.68752194e-02  -2.70664953e-01
   2275.0000  -7.98199059e-02  -4.19113618e-01
   2285.0000  -3.79587621e-02  -2.34661233e-01
   2295.0000  +8.30726144e-02  +4.90184096e-01
   2305.0000  -1.79604087e-03  -1.12587364e-02
   2315.0000  -1.43400368e-02  -9.12507908e-02
   2325.0000  +1.82163360e-01  +8.42661801e-01
   2335.0000  +7.17151991e-02  +4.65705503e-01
   2345.0000  +1.00398592e-02  +6.31062743e-02
   2355.0000  +2.39227461e-01  +9.27495394e-01
   2365.0000  +8.26672767e-02  +5.23252381e-01
   2375.0000  +4.53316306e-02  +3.06885368e-01
   2385.0000  +2.45850062e-01  +9.38507262e-01
   2395.0000  +1.03659556e-01  +6.26213656e-01
   2405.0000  +6.35249235e-02  +4.18134145e-01
   2415.0000  +2.11427540e-01  +9.05606559e-01
   2425.0000  +1.28004925e-01  +7.30146777e-01
   2435.0000  +9.82932401e-02  +6.21904350e-01
   2445.0000  +1.68081682e-01  +8.33835593e-01
   2455.0000  +1.80749820e-01  +8.67823779e-01
   2465.0000  +8.70448526e-02  +5.60859410e-01
   2475.0000  +1.47570585e-01  +7.99480426e-01
   2485.0000  +2.05225262e-01  +9.15773367e-01
   2495.0000  +1.22719191e-01  +7.36957131e-01
   2505.0000  +7.67961588e-02  +5.20581187e-01
   2515.0000  +1.76109012e-01  +8.58792912e-01
   2525.0000  +1.05426808e-01  +6.68990458e-01
   2535.0000  +1.08704417e-01  +6.94922457e-01
   2545.0000  +1.35347386e-01  +7.75404109e-01
   2555.0000  +1.35331319e-01  +7.88780055e-01
   2565.0000  +1.23973736e-01  +7.62973401e-01
   2575.0000  +8.81862337e-02  +5.98584416e-01
   2585.0000  +1.72594780e-01  +8.81646597e-01
   2595.0000  +1.18172112e-01  +7.29221408e-01
   2605.0000  +1.05013770e-01  +6.98473533e-01
   2615.0000  +1.10576079e-01  +7.28679715e-01
   2625.0000  +9.63545245e-02  +6.96706217e-01
   2635.0000  +1.26809837e-01  +7.89838910e-01
   2645.0000  +1.33767020e-01  +8.09399081e-01
   2655.0000  +1.28901652e-01  +7.88793996e-01
   2665.0000  +1.68412746e-01  +8.86614168e-01
   2675.0000  +9.37830765e-02  +6.59162294e-01
   2685.0000  +1.00518242e-01  +6.85499525e-01
   2695.0000  +1.10967450e-01  +7.13339960e-01
   2705.0000  +9.90318317e-02  +6.76703545e-01
   2715.0000  +1.05550638e-01  +7.22925484e-01
   2725.0000  +1.09445506e-01  +7.13957760e-01
   2735.0000  +1.01185929e-01  +6.77734912e-01
   2745.0000  +9.38534317e-02  +6.53381124e-01
   2755.0000  +9.29060781e-02  +6.75937821e-01
   2765.0000  +1.14490616e-01  +7.57383047e-01
   2775.0000  +1.14817696e-01  +7.56625534e-01
   2785.0000  +1.00742396e-01  +6.87719375e-01
   2795.0000  +1.02114925e-01  +6.88006956e-01
   2805.0000  +9.75697878e-02  +6.88797545e-01
   2815.0000  +1.04725158e-01  +7.03704723e-01
   2825.0000  +1.00467595e-01  +7.11873018e-01
   2835.0000  +9.44511363e-02  +6.63719464e-01
   2845.0000  +1.05684565e-01  +7.27965316e-01
   2855.0000  +1.06659773e-01  +7.31669449e-01
   2865.0000  +1.09104268e-01  +7.60840392e-01
   2875.0000  +1.07075846e-01  +7.72712768e-01
   2885.0000  +1.10328353e-01  +7.48364807e-01
   2895.0000  +1.16204652e-01  +7.70690141e-01
   2905.0000  +1.12586330e-01  +7.64948669e-01
   2915.0000  +1.05298656e-01  +7.35806785e-01
   2925.0000  +1.38035056e-01  +8.27433138e-01
   2935.0000  +1.13755317e-01  +7.70232924e-01
   2945.0000  +1.31732692e-01  +8.34356654e-01
   2955.0000  +1.25910091e-01  +8.13289698e-01
   2965.0000  +1.31765123e-01  +8.05373424e-01
   2975.0000  +1.37028293e-01  +8.36193236e-01
   2985.0000  +1.32217573e-01  +8.36334541e-01
   2995.0000  +1.44108607e-01  +8.62347770e-01
   3005.0000  +1.53606162e-01  +8.89475867e-01
   3015.0000  +1.33536519e-01  +8.43747696e-01
   3025.0000  +1.48363166e-01  +8.74416069e-01
   3035.0000  +1.47811420e-01  +9.03251758e-01
   3045.0000  +1.48521195e-01  +9.02323832e-01
   3055.0000  +1.56314257e-01  +9.06298473e-01
   3065.0000  +1.74655807e-01  +9.23220406e-01
   3075.0000  +1.64559728e-01  +9.11708296e-01
   3085.0000  +1.64198338e-01  +9.13459397e-01
   3095.0000  +1.61979441e-01  +9.10200596e-01
   3105.0000  +1.61917048e-01  +9.04902397e-01
   3115.0000  +2.06709005e-01  +9.66528517e-01
   3125.0000  +1.61556880e-01  +9.13635563e-01
   3135.0000  +1.74759036e-01  +9.27687020e-01
   3145.0000  +1.76055582e-01  +9.28878266e-01
   3155.0000  +1.88295025e-01  +9.53553844e-01
   3165.0000  +1.91563067e-01  +9.54361202e-01
   3175.0000  +1.81687494e-01  +9.32480602e-01
   3185.0000  +1.84438975e-01  +9.45131400e-01
   3195.0000  +1.83388444e-01  +9.47775680e-01
   3210.0000  +1.87411499e-01  +9.45203663e-01
   3230.0000  +1.89492545e-01  +9.46273160e-01
   3250.0000  +1.77871343e-01  +9.35982174e-01
   3270.0000  +2.01740717e-01  +9.58693256e-01
   3290.0000  +1.86459921e-01  +9.55065705e-01
   3310.0000  +2.10480611e-01  +9.71169239e-01
   3330.0000  +2.30402601e-01  +9.81129116e-01
   3350.0000  +2.16390327e-01  +9.71279944e-01
   3370.0000  +2.22464447e-01  +9.75047197e-01
   3390.0000  +2.42951639e-01  +9.84011963e-01
   3410.0000  +2.40598443e-01  +9.84211743e-01
   3430.0000  +2.35548394e-01  +9.81416445e-01
   3450.0000  +2.27009947e-01  +9.80000920e-01
   3470.0000  +2.45088660e-01  +9.84929512e-01
   3490.0000  +2.48652564e-01  +9.86694212e-01
   3510.0000  +2.39527389e-01  +9.85353208e-01
   3530.0000  +2.57446463e-01  +9.89728276e-01
   3550.0000  +2.52418732e-01  +9.88720339e-01
   3570.0000  +2.71123956e-01  +9.92281460e-01
   3590.0000  +2.73670944e-01  +9.92476152e-01
   3610.0000  +2.64314089e-01  +9.91132598e-01
   3630.0000  +2.70423718e-01  +9.91954436e-01
   3650.0000  +2.85188389e-01  +9.94086839e-01
   3670.0000  +2.96587983e-01  +9.95253112e-01
   3690.0000  +3.18732651e-01  +9.96474466e-01
   3710.0000  +3.27387708e-01  +9.96802908e-01
   3730.0000  +2.84521067e-01  +9.92524201e-01
   3750.0000  +3.11913951e-01  +9.94909270e-01
   3770.0000  +3.12333252e-01  +9.96015313e-01
   3790.0000  +3.21852727e-01  +9.96588672e-01
   3810.0000  +3.08794211e-01  +9.95477589e-01
   3830.0000  +3.04668812e-01  +9.95395912e-01
   3850.0000  +3.11201059e-01  +9.96259081e-01
   3870.0000  +3.30423363e-01  +9.96942490e-01
   3890.0000  +3.28889842e-01  +9.96649826e-01
   3910.0000  +3.19370774e-01  +9.96098951e-01
   3930.0000  +3.19254056e-01  +9.95316931e-01
   3950.0000  +3.52174244e-01  +9.96927468e-01
   3970.0000  +3.44293836e-01  +9.96858290e-01
   3990.0000  +3.73286208e-01  +9.96661947e-01
   4010.0000  +3.54194664e-01  +9.96641992e-01
   4030.0000  +3.39922284e-01  +9.96400085e-01
   4050.0000  +3.30256987e-01  +9.95739963e-01
   4070.0000  +3.53015892e-01  +9.95583262e-01
   4090.0000  +3.59390810e-01  +9.96630371e-01
   4110.0000  +3.61862261e-01  +9.96994797e-01
   4130.0000  +3.56611247e-01  +9.96779272e-01
   4150.0000  +3.66231864e-01  +9.96512986e-01
   4170.0000  +3.60614098e-01  +9.96169730e-01
   4190.0000  +3.79547345e-01  +9.95891037e-01
   4210.0000  +4.01826034e-01  +9.94352443e-01
   4230.0000  +3.70899804e-01  +9.96835342e-01
   4250.0000  +3.83134995e-01  +9.94866692e-01
   4270.0000  +3.72961995e-01  +9.95356688e-01
   4290.0000  +6.20225676e-01  +9.83170169e-01
   4310.0000  +7.77327525e-01  +9.76326722e-01
   4330.0000  +6.57092756e-01  +9.81967934e-01
   4350.0000  +9.57924451e-01  +9.68246794e-01
   4370.0000  +9.52084608e-01  +9.70885611e-01
   4390.0000  +9.12751560e-01  +9.72268500e-01
   4410.0000  +1.22912983e+00  +9.63513051e-01
   4430.0000  +1.10454060e+00  +9.66547911e-01
   4450.0000  +1.07991648e+00  +9.68736581e-01
   4470.0000  +1.38168498e+00  +9.60117420e-01
   4490.0000  +1.16670659e+00  +9.65263406e-01
   4510.0000  +1.21148459e+00  +9.65981390e-01
   4530.0000  +1.43631942e+00  +9.61045068e-01
   4550.0000  +1.27715527e+00  +9.63003299e-01
   4570.0000  +1.18164090e+00  +9.66349227e-01
   4590.0000  +1.42634236e+00  +9.61493781e-01
   4610.0000  +1.27435917e+00  +9.62941707e-01
   4630.0000  +1.27931426e+00  +9.63021907e-01
   4650.0000  +1.13344504e+00  +9.73519302e-01
   4670.0000  +1.16319695e+00  +9.67547930e-01
   4690.0000  +1.19774807e+00  +9.64299240e-01
   4710.0000  +1.17859940e+00  +9.65851172e-01
   4730.0000  +1.06884022e+00  +9.67399365e-01
   4750.0000  +1.13415972e+00  +9.64915183e-01
   4770.0000  +1.13940667e+00  +9.66004238e-01
   4790.0000  +1.09573450e+00  +9.67642034e-01
   4810.0000  +1.17259184e+00  +9.65115128e-01
   4830.0000  +1.03826632e+00  +9.68847567e-01
   4850.0000  +1.05579189e+00  +9.68454030e-01
   4870.0000  +1.09133820e+00  +9.67701212e-01
   4890.0000  +1.06679942e+00  +9.68095116e-01
   4910.0000  +1.06534168e+00  +9.68922741e-01
   4930.0000  +1.06525919e+00  +9.69471031e-01
   4950.0000  +1.07052006e+00  +9.69399697e-01
   4970.0000  +1.05998181e+00  +9.69878355e-01
   4990.0000  +1.05662107e+00  +9.70490644e-01
   5010.0000  +1.00417772e+00  +9.71981915e-01
   5030.0000  +9.94790737e-01  +9.71906856e-01
   5050.0000  +1.06745552e+00  +9.69703521e-01
   5070.0000  +1.03139498e+00  +9.70672955e-01
   5090.0000  +9.67888466e-01  +9.73325990e-01
   5110.0000  +1.02900290e+00  +9.72297616e-01
   5130.0000  +9.54755031e-01  +9.75805893e-01
   5150.0000  +1.00736098e+00  +9.71204624e-01
   5170.0000  +9.24391205e-01  +9.75582693e-01
   5190.0000  +9.95305491e-01  +9.72633913e-01
   5210.0000  +9.83003954e-01  +9.73340597e-01
   5230.0000  +9.94731864e-01  +9.71731147e-01
   5250.0000  +9.42749524e-01  +9.72347092e-01
   5270.0000  +8.99985236e-01  +9.74162310e-01
   5290.0000  +9.90533160e-01  +9.71856701e-01
   5310.0000  +9.42852605e-01  +9.73322157e-01
   5330.0000  +9.42761333e-01  +9.72574427e-01
   5350.0000  +9.09384088e-01  +9.74233923e-01
   5370.0000  +9.05123206e-01  +9.74312173e-01
   5390.0000  +8.94857971e-01  +9.74818341e-01
   5410.0000  +9.01271457e-01  +9.75199846e-01
   5430.0000  +9.46876452e-01  +9.72297226e-01
   5450.0000  +8.89017717e-01  +9.74613661e-01
   5470.0000  +8.82457451e-01  +9.74939897e-01
   5490.0000  +9.04937577e-01  +9.74561550e-01
   5510.0000  +8.72662547e-01  +9.75297581e-01
   5530.0000  +8.13521100e-01  +9.77851196e-01
   5550.0000  +9.04581969e-01  +9.75253538e-01
   5570.0000  +8.06744998e-01  +9.77435687e-01
   5590.0000  +8.54980578e-01  +9.76861423e-01
   5610.0000  +8.54487907e-01  +9.76505347e-01
   5630.0000  +8.59598387e-01  +9.76819797e-01
   5650.0000  +8.04378848e-01  +9.79683024e-01
   5670.0000  +7.98097080e-01  +9.79118269e-01
   5690.0000  +8.43514164e-01  +9.76445239e-01
   5710.0000  +7.89757418e-01  +9.79316622e-01
   5730.0000  +8.03425055e-01  +9.80130449e-01
   5750.0000  +8.00439515e-01  +9.79632621e-01
   5770.0000  +7.91356006e-01  +9.79949424e-01
   5790.0000  +7.71745044e-01  +9.81110785e-01
   5810.0000  +7.86683923e-01  +9.79652657e-01
   5830.0000  +7.81043926e-01  +9.80628089e-01
   5850.0000  +7.62836341e-01  +9.82172181e-01
   5870.0000  +7.75779656e-01  +9.80596743e-01
   5890.0000  +7.73393578e-01  +9.81519287e-01
   5910.0000  +7.09292245e-01  +9.86594521e-01
   5930.0000  +7.47651350e-01  +9.83246862e-01
   5950.0000  +7.61254222e-01  +9.82634222e-01
   5970.0000  +7.37921472e-01  +9.83260297e-01
   5990.0000  +7.33785711e-01  +9.83788970e-01
   6010.0000  +7.27874703e-01  +9.84006203e-01
   6030.0000  +7.30515803e-01  +9.83489302e-01
   6050.0000  +7.40971362e-01  +9.83217166e-01
   6070.0000  +7.40327818e-01  +9.83419826e-01
   6090.0000  +7.37041950e-01  +9.83481900e-01
   6110.0000  +7.47369665e-01  +9.83409893e-01
   6130.0000  +7.24936138e-01  +9.84617789e-01
   6150.0000  +7.33725290e-01  +9.85186355e-01
   6170.0000  +7.27018649e-01  +9.85081671e-01
   6190.0000  +7.05273350e-01  +9.84512738e-01
   6210.0000  +7.03344273e-01  +9.83686682e-01
   6230.0000  +7.24228028e-01  +9.83179137e-01
   6250.0000  +7.25001668e-01  +9.83810540e-01
   6270.0000  +7.17656691e-01  +9.84731180e-01
   6290.0000  +7.13427832e-01  +9.83712377e-01
   6310.0000  +7.22538992e-01  +9.84579193e-01
   6330.0000  +6.95723093e-01  +9.85346130e-01
   6350.0000  +7.07234379e-01  +9.84906429e-01
   6370.0000  +7.01925537e-01  +9.84416940e-01
   6390.0000  +7.05106908e-01  +9.83908626e-01
   6420.0000  +7.04496354e-01  +9.84725607e-01
   6460.0000  +7.13913290e-01  +9.84509928e-01
   6500.0000  +7.15191156e-01  +9.83673720e-01
   6540.0000  +7.11392071e-01  +9.84030043e-01
   6580.0000  +7.11331712e-01  +9.83946658e-01
   6620.0000  +7.14763765e-01  +9.83720528e-01
   6660.0000  +7.17197376e-01  +9.84177982e-01
   6700.0000  +7.23654467e-01  +9.82803051e-01
   6740.0000  +7.27819965e-01  +9.83993669e-01
   6780.0000  +7.28807149e-01  +9.82974196e-01
   6820.0000  +7.34827650e-01  +9.82235746e-01
   6860.0000  +7.39397933e-01  +9.82462283e-01
   6900.0000  +7.40483586e-01  +9.81820990e-01
   6940.0000  +7.44259712e-01  +9.81380096e-01
   6980.0000  +7.36685950e-01  +9.80843241e-01
   7020.0000  +7.60630540e-01  +9.81471400e-01
   7060.0000  +7.53423935e-01  +9.81226006e-01
   7100.0000  +7.62977993e-01  +9.80442622e-01
   7140.0000  +7.68310840e-01  +9.81893517e-01
   7180.0000  +7.82291260e-01  +9.82151002e-01
   7220.0000  +7.84993844e-01  +9.81372166e-01
   7260.0000  +7.77676750e-01  +9.79920579e-01
   7300.0000  +7.82853704e-01  +9.80697452e-01
   7340.0000  +8.00819506e-01  +9.80256903e-01
   7380.0000  +7.86850093e-01  +9.79879251e-01
   7420.0000  +8.08402045e-01  +9.78832493e-01
   7460.0000  +8.03317707e-01  +9.78563544e-01
   7500.0000  +7.92860962e-01  +9.79972262e-01
   7540.0000  +8.05117344e-01  +9.77869619e-01
   7580.0000  +8.07109793e-01  +9.77845177e-01
   7620.0000  +8.29187766e-01  +9.78299921e-01
   7660.0000  +8.29062077e-01  +9.79131131e-01
   7700.0000  +8.21448766e-01  +9.76203035e-01
   7740.0000  +8.27344713e-01  +9.76912846e-01
   7780.0000  +8.40054786e-01  +9.78187028e-01
   7820.0000  +8.49722245e-01  +9.77107884e-01
   7860.0000  +8.48114068e-01  +9.77098613e-01
   7900.0000  +8.56116051e-01  +9.75937248e-01
   7940.0000  +8.50261292e-01  +9.74777943e-01
   7980.0000  +8.46493690e-01  +9.76053977e-01
   8020.0000  +8.68824501e-01  +9.76271829e-01
   8060.0000  +8.70448816e-01  +9.74965323e-01
   8100.0000  +8.72944857e-01  +9.75134322e-01
   8140.0000  +8.84633803e-01  +9.73621650e-01
   8180.0000  +8.66098804e-01  +9.73097476e-01
   8220.0000  +8.85347253e-01  +9.75134670e-01
   8260.0000  +8.73320700e-01  +9.73871167e-01
   8300.0000  +8.96273599e-01  +9.74325521e-01
   8340.0000  +9.01056695e-01  +9.73017570e-01
   8380.0000  +9.02345179e-01  +9.72918770e-01
   8420.0000  +9.10098441e-01  +9.73098050e-01
   8460.0000  +8.95934784e-01  +9.71848973e-01
   8500.0000  +9.01068123e-01  +9.71152336e-01
   8540.0000  +9.03660977e-01  +9.70936643e-01
   8580.0000  +9.20232601e-01  +9.71928965e-01
   8620.0000  +9.30934446e-01  +9.71981251e-01
   8660.0000  +9.32434308e-01  +9.71763579e-01
   8700.0000  +9.16419517e-01  +9.70827320e-01
   8740.0000  +9.44396304e-01  +9.69954540e-01
   8780.0000  +9.45619571e-01  +9.70470667e-01
   8820.0000  +9.48683078e-01  +9.70550728e-01
   8860.0000  +9.35869352e-01  +9.68757061e-01
   8900.0000  +9.61635968e-01  +9.69432286e-01
   8940.0000  +9.66440974e-01  +9.68285106e-01
   8980.0000  +9.74665536e-01  +9.68015556e-01
   9020.0000  +9.44041591e-01  +9.67547505e-01
   9060.0000  +9.65111943e-01  +9.69481062e-01
   9100.0000  +9.76839740e-01  +9.69482649e-01
   9140.0000  +9.77937284e-01  +9.67934949e-01
   9180.0000  +9.82244316e-01  +9.68925629e-01
   9220.0000  +9.82097184e-01  +9.68752070e-01
   9260.0000  +9.82495365e-01  +9.67014690e-01
   9300.0000  +9.96254437e-01  +9.67603229e-01
   9340.0000  +9.89727125e-01  +9.68097292e-01
   9380.0000  +9.79608340e-01  +9.64412577e-01
   9420.0000  +9.93511783e-01  +9.66473537e-01
   9460.0000  +1.00293830e+00  +9.67560659e-01
   9500.0000  +1.00798814e+00  +9.65425249e-01
   9540.0000  +1.00705946e+00  +9.65658984e-01
   9580.0000  +9.89947135e-01  +9.66091033e-01
   9620.0000  +1.02085334e+00  +9.64767018e-01
   9660.0000  +9.93542479e-01  +9.64358313e-01
   9700.0000  +1.00792938e+00  +9.63729467e-01
   9740.0000  +1.03732901e+00  +9.65067490e-01
   9780.0000  +1.03598443e+00  +9.64141724e-01
   9820.0000  +1.02954757e+00  +9.64968443e-01
   9860.0000  +1.02868179e+00  +9.64401553e-01
   9900.0000  +1.03343298e+00  +9.63918405e-01
   9940.0000  +1.01734578e+00  +9.62852595e-01
   9980.0000  +1.04379864e+00  +9.62432232e-01
  10020.0000  +1.04791287e+00  +9.63216843e-01
  20000.0000  +1.42241434e+00  +9.43160314e-01
  40000.0100  +1.68966003e+00  +9.40969520e-01
  60000.0100  +1.87411866e+00  +9.40742876e-01
  80000.0100  +2.02582978e+00  +9.40309698e-01
 100000.0100  +2.14395150e+00  +9.40554369e-01
 120000.0200  +2.25473955e+00  +9.40445821e-01
 140000.0200  +2.35057384e+00  +9.40524505e-01
 160000.0200  +2.43624872e+00  +9.40648505e-01
