# wavelength_nm   slope_a   correlation_r
     44.1000  -3.33566012e-01  -2.04311984e-01
     45.1000  -3.33566288e-01  -2.04312274e-01
     46.0000  -3.33566948e-01  -2.04312967e-01
     47.0000  -3.33567642e-01  -2.04313695e-01
     48.0000  -3.33567799e-01  -2.04313859e-01
     49.0000  -3.33567644e-01  -2.04313697e-01
     50.0000  -3.33570016e-01  -2.04316185e-01
     50.6000  +1.18124639e+00  +8.06936311e-01
     51.2000  +1.92950020e-01  +1.36862249e-01
     52.0000  -3.33568021e-01  -2.04314092e-01
     53.0000  -3.33566558e-01  -2.04312558e-01
     54.0000  -3.33567873e-01  -2.04313937e-01
     55.0000  -3.33564367e-01  -2.04310259e-01
     56.0000  -3.33566722e-01  -2.04312730e-01
     57.0000  -3.33565618e-01  -2.04311571e-01
     58.0000  -2.65736139e-01  -1.67069011e-01
     59.0000  -3.33567812e-01  -2.04313873e-01
     60.0000  -3.33570896e-01  -2.04317109e-01
     61.0000  -3.33572649e-01  -2.04318948e-01
     62.0000  -2.65734606e-01  -1.67068247e-01
     63.0000  -2.65732075e-01  -1.67065607e-01
     64.0000  -2.65738176e-01  -1.67071007e-01
     65.0000  -2.65737956e-01  -1.67070740e-01
     65.8000  -2.65734111e-01  -1.67067471e-01
     66.5000  -2.65734631e-01  -1.67067978e-01
     67.5000  -2.65739383e-01  -1.67072468e-01
     68.5000  -2.65737635e-01  -1.67070823e-01
     69.5000  -2.65740903e-01  -1.67073837e-01
     70.5000  -1.80606894e-01  -1.17414883e-01
     71.6000  -1.80609722e-01  -1.17416857e-01
     72.6000  -1.80604857e-01  -1.17412875e-01
     73.5000  -1.80607182e-01  -1.17414462e-01
     74.5000  -1.80606895e-01  -1.17414883e-01
     75.5000  -1.80615975e-01  -1.17422277e-01
     76.5000  -1.80605492e-01  -1.17413557e-01
     77.5000  -1.80606970e-01  -1.17415710e-01
     78.5000  -1.80611979e-01  -1.17419313e-01
     79.5000  +6.45366435e-01  +4.59988713e-01
     80.5000  -7.84318778e-02  -5.27347134e-02
     81.5000  -7.84319292e-02  -5.27354738e-02
     82.5000  -7.84257224e-02  -5.27303900e-02
     83.5000  -7.84311105e-02  -5.27343229e-02
     84.5000  -7.84311825e-02  -5.27347144e-02
     85.5000  -7.84403600e-02  -5.27414057e-02
     86.5000  +4.39387618e-02  +3.04571285e-02
     87.5000  +4.39501158e-02  +3.04645322e-02
     88.5000  +4.39339305e-02  +3.04537544e-02
     89.5000  +4.39685963e-02  +3.04773178e-02
     90.5000  +4.39350225e-02  +3.04544355e-02
     91.5000  +1.18330968e+00  +8.08716650e-01
     92.5000  +1.18565412e+00  +8.10815368e-01
     93.5000  +1.18972357e+00  +8.14521461e-01
     94.5000  +1.18386403e+00  +8.09316961e-01
     95.5000  +1.70312578e+00  +9.91896417e-01
     96.5000  +1.70354926e+00  +9.91849088e-01
     97.5000  +1.18861930e+00  +8.13803354e-01
     98.5000  +1.65747090e+00  +9.94378517e-01
     99.5000  +1.65171570e+00  +9.94662495e-01
    100.5000  +1.64471116e+00  +9.94966233e-01
    101.5000  +1.63244403e+00  +9.95519569e-01
    102.5000  +1.20707779e+00  +8.31975229e-01
    103.5000  +1.58831039e+00  +9.97181799e-01
    104.5000  +1.59085869e+00  +9.97078122e-01
    105.5000  +1.58607627e+00  +9.97251311e-01
    106.5000  +1.56826460e+00  +9.97730410e-01
    107.5000  +1.56032616e+00  +9.97921799e-01
    108.5000  +1.55630511e+00  +9.97994559e-01
    109.5000  +1.53650029e+00  +9.98344250e-01
    110.5000  +2.29187691e+00  +9.68861025e-01
    111.5000  +2.32923748e+00  +9.66080868e-01
    112.5000  +2.32404394e+00  +9.66549506e-01
    113.5000  +2.33117906e+00  +9.66111914e-01
    114.5000  +2.33436950e+00  +9.65870017e-01
    115.5000  +2.33035997e+00  +9.66142905e-01
    116.5000  +2.33542665e+00  +9.65720324e-01
    117.5000  +2.33536271e+00  +9.65739130e-01
    118.5000  +2.33759258e+00  +9.65489818e-01
    119.5000  +2.27485634e+00  +9.64874659e-01
    120.5000  +2.40831998e+00  +9.59440999e-01
    121.5000  +6.24794602e-01  +5.54917137e-01
    122.5000  +2.41435625e+00  +9.58390001e-01
    123.5000  +2.36365056e+00  +9.63313116e-01
    124.5000  +2.36572115e+00  +9.63242534e-01
    125.5000  +2.37137738e+00  +9.62705671e-01
    126.5000  +2.37004233e+00  +9.62692438e-01
    127.5000  +2.36642668e+00  +9.62904021e-01
    128.5000  +2.38781137e+00  +9.60921722e-01
    129.5000  +2.38446952e+00  +9.61064929e-01
    130.5000  +2.27038887e+00  +9.60228410e-01
    131.5000  +2.38704902e+00  +9.60406147e-01
    132.5000  +2.37858682e+00  +9.60283003e-01
    133.5000  +2.36110121e+00  +9.61373762e-01
    134.5000  +2.36296542e+00  +9.61089581e-01
    135.5000  +2.36274392e+00  +9.60893521e-01
    136.5000  +2.33563116e+00  +9.62331207e-01
    137.5000  +2.33115363e+00  +9.62021828e-01
    138.5000  +2.30260752e+00  +9.64316249e-01
    139.5000  +2.29180075e+00  +9.64156605e-01
    140.5000  +2.29201159e+00  +9.64487617e-01
    141.5000  +2.28418387e+00  +9.64963161e-01
    142.5000  +2.28945664e+00  +9.64615175e-01
    143.5000  +2.27352690e+00  +9.66108787e-01
    144.2000  +2.31488854e+00  +9.63916076e-01
    144.7000  +2.28379535e+00  +9.65159014e-01
    145.5000  +2.28360051e+00  +9.65303380e-01
    146.5000  +2.29149466e+00  +9.65631672e-01
    147.5000  +2.29503245e+00  +9.65473443e-01
    148.5000  +2.28124765e+00  +9.65860513e-01
    149.5000  +2.29223896e+00  +9.65547016e-01
    150.5000  +2.29391213e+00  +9.65820485e-01
    151.2000  +2.23979779e+00  +9.67504517e-01
    151.7000  +2.27764828e+00  +9.65348692e-01
    152.5000  +2.01373051e+00  +9.86454767e-01
    153.5000  +1.96839482e+00  +9.89059480e-01
    154.5000  +1.96803528e+00  +9.88976057e-01
    155.5000  +1.94106133e+00  +9.90429876e-01
    156.5000  +1.93963534e+00  +9.90336241e-01
    157.5000  +1.87516073e+00  +9.93366331e-01
    158.5000  +1.87478867e+00  +9.93407233e-01
    159.5000  +1.86795681e+00  +9.93683026e-01
    160.5000  +1.87762244e+00  +9.93307920e-01
    161.5000  +1.88175240e+00  +9.93138723e-01
    162.5000  +1.87178514e+00  +9.93448422e-01
    163.5000  +1.86135338e+00  +9.93939958e-01
    164.5000  +1.85152662e+00  +9.94357355e-01
    165.5000  +1.86213450e+00  +9.93839496e-01
    166.5000  +1.84166679e+00  +9.94750590e-01
    167.2000  +1.85736630e+00  +9.93798031e-01
    167.7000  +1.78933145e+00  +9.96474022e-01
    168.5000  +1.78844750e+00  +9.96542966e-01
    169.5000  +1.77219745e+00  +9.97067835e-01
    170.5000  +1.78412118e+00  +9.96657680e-01
    171.5000  +1.81334500e+00  +9.95449196e-01
    172.5000  +1.79431221e+00  +9.96181161e-01
    173.5000  +1.81485720e+00  +9.95215819e-01
    174.5000  +1.82073765e+00  +9.94829806e-01
    175.5000  +1.86007201e+00  +9.92611534e-01
    176.5000  +1.78993494e+00  +9.96092496e-01
    177.5000  +1.84821003e+00  +9.93349105e-01
    178.5000  +1.85034934e+00  +9.93096113e-01
    179.5000  +1.94693406e+00  +9.86859692e-01
    180.5000  +1.87032183e+00  +9.91788651e-01
    181.5000  +1.80479348e+00  +9.95377827e-01
    182.5000  +1.83083673e+00  +9.93913362e-01
    183.5000  +1.80492489e+00  +9.95269276e-01
    184.5000  +1.74931132e+00  +9.97601420e-01
    185.5000  +1.84119199e+00  +9.93361570e-01
    186.5000  +1.88597398e+00  +9.90666562e-01
    187.5000  +1.87089344e+00  +9.91585299e-01
    188.5000  +1.87714254e+00  +9.91143626e-01
    189.5000  +1.89584469e+00  +9.89843476e-01
    190.5000  +1.88354492e+00  +9.90677545e-01
    191.5000  +1.86719122e+00  +9.91619580e-01
    192.5000  +1.78312549e+00  +9.96057243e-01
    193.5000  +1.72035181e+00  +9.98428267e-01
    194.5000  +1.84729870e+00  +9.92702519e-01
    195.5000  +1.83939209e+00  +9.93115634e-01
    196.7000  +1.88899174e+00  +9.90094455e-01
    197.6000  +1.81128772e+00  +9.94513971e-01
    198.4000  +1.91227293e+00  +9.88525443e-01
    199.5000  +1.96001532e+00  +9.85296017e-01
    200.5000  +1.92274852e+00  +9.87813485e-01
    201.5000  +1.90616862e+00  +9.88906266e-01
    202.5000  +1.81330429e+00  +9.94406578e-01
    203.5000  +1.88729311e+00  +9.90062766e-01
    204.5000  +1.89782203e+00  +9.89378446e-01
    205.5000  +1.85474587e+00  +9.92001576e-01
    206.5000  +1.84272503e+00  +9.92714430e-01
    207.4000  +1.82024181e+00  +9.93902316e-01
    207.8000  +2.31197697e+00  +9.63033645e-01
    208.5000  +2.36508065e+00  +9.59490037e-01
    209.5000  +2.34350303e+00  +9.60932245e-01
    210.5000  +2.31373320e+00  +9.63252529e-01
    211.5000  +2.32527384e+00  +9.62469139e-01
    212.5000  +2.29950065e+00  +9.64392001e-01
    213.5000  +2.27329035e+00  +9.66222049e-01
    214.5000  +2.30856828e+00  +9.63972038e-01
    215.5000  +2.30789721e+00  +9.63751666e-01
    216.5000  +2.24839582e+00  +9.67832315e-01
    217.5000  +2.25438079e+00  +9.67003024e-01
    218.5000  +2.29283452e+00  +9.65255725e-01
    219.5000  +2.26266624e+00  +9.66812852e-01
    220.5000  +2.25091890e+00  +9.67864925e-01
    221.5000  +2.18045253e+00  +9.72334186e-01
    222.5000  +2.21257988e+00  +9.70520267e-01
    223.5000  +2.23866408e+00  +9.69250614e-01
    224.5000  +2.22949093e+00  +9.69807674e-01
    225.5000  +2.16161464e+00  +9.74037188e-01
    226.5000  +2.14039790e+00  +9.75068564e-01
    227.5000  +2.12129086e+00  +9.76313983e-01
    228.5000  +2.19755840e+00  +9.72142314e-01
    229.5000  +2.15478882e+00  +9.74533095e-01
    230.5000  +2.19117421e+00  +9.72604583e-01
    231.5000  +2.13386112e+00  +9.75935767e-01
    232.5000  +2.06790849e+00  +9.80161823e-01
    233.5000  +1.99719810e+00  +9.84362277e-01
    234.5000  +1.85277378e+00  +9.92519899e-01
    235.5000  +2.06839453e+00  +9.80073895e-01
    236.5000  +1.86630067e+00  +9.91868529e-01
    237.5000  +1.94208371e+00  +9.87646764e-01
    238.5000  +1.77273323e+00  +9.96121351e-01
    239.5000  +1.82372046e+00  +9.93895563e-01
    240.5000  +1.80449139e+00  +9.94688466e-01
    241.5000  +1.90154716e+00  +9.89938338e-01
    242.5000  +2.05418509e+00  +9.81258093e-01
    243.5000  +2.03492715e+00  +9.82527645e-01
    244.5000  +2.06450524e+00  +9.80798795e-01
    245.5000  +2.07752008e+00  +9.80120303e-01
    246.5000  +2.03466059e+00  +9.82351747e-01
    247.5000  +2.00463935e+00  +9.83977995e-01
    248.5000  +1.78170817e+00  +9.95665149e-01
    249.5000  +1.90858675e+00  +9.89510074e-01
    250.5000  +2.00922916e+00  +9.83630364e-01
    251.3000  +1.64849677e+00  +9.99555513e-01
    251.8000  +1.61610174e+00  +9.99903818e-01
    252.5000  +1.65833806e+00  +9.99389477e-01
    253.5000  +1.87463959e+00  +9.91210344e-01
    254.5000  +1.85632733e+00  +9.92002270e-01
    255.5000  +1.97519135e+00  +9.86872071e-01
    256.5000  +1.91776727e+00  +9.89593241e-01
    257.5000  +1.94840244e+00  +9.88248569e-01
    258.5000  +1.92312419e+00  +9.89389636e-01
    259.5000  +1.87972923e+00  +9.91431056e-01
    260.5000  +1.83489371e+00  +9.93202508e-01
    261.5000  +1.80694013e+00  +9.94493197e-01
    262.5000  +1.87296907e+00  +9.91395204e-01
    263.5000  +1.95282278e+00  +9.88071311e-01
    264.5000  +1.96382626e+00  +9.87858914e-01
    265.5000  +1.93946348e+00  +9.89371896e-01
    266.5000  +1.93869863e+00  +9.88984278e-01
    267.5000  +1.94852198e+00  +9.88625010e-01
    268.5000  +1.93931128e+00  +9.89221868e-01
    269.5000  +1.93496886e+00  +9.89269054e-01
    270.5000  +1.92309095e+00  +9.89913610e-01
    271.5000  +1.91394554e+00  +9.90071482e-01
    272.5000  +1.89562239e+00  +9.90209995e-01
    273.5000  +1.92277347e+00  +9.89335160e-01
    274.5000  +1.77240977e+00  +9.95492651e-01
    275.5000  +1.84745458e+00  +9.92685146e-01
    276.5000  +1.87893653e+00  +9.91330131e-01
    277.5000  +1.86130189e+00  +9.91875929e-01
    278.5000  +1.69269602e+00  +9.98189184e-01
    279.5000  +1.57030121e+00  +9.99950498e-01
    280.5000  +1.58896937e+00  +9.99860663e-01
    281.5000  +1.79702514e+00  +9.94611240e-01
    282.5000  +1.90243653e+00  +9.90254124e-01
    283.5000  +1.90692785e+00  +9.89926592e-01
    284.5000  +1.81652135e+00  +9.93622183e-01
    285.5000  +1.65186251e+00  +9.99256310e-01
    286.5000  +1.92110403e+00  +9.88860578e-01
    287.5000  +1.92630653e+00  +9.89556184e-01
    288.5000  +1.88423501e+00  +9.91251821e-01
    289.5000  +1.87711561e+00  +9.91851493e-01
    291.0000  +1.85549411e+00  +9.92444587e-01
    293.0000  +1.84990674e+00  +9.92812976e-01
    295.0000  +1.86561584e+00  +9.92222873e-01
    297.0000  +1.86929648e+00  +9.92137562e-01
    299.0000  +1.86215752e+00  +9.92444325e-01
    301.0000  +1.87903261e+00  +9.91632437e-01
    303.0000  +1.85427947e+00  +9.92664700e-01
    305.0000  +1.85318813e+00  +9.92637278e-01
    307.0000  +1.81668413e+00  +9.93756928e-01
    309.0000  +1.81805208e+00  +9.93647612e-01
    311.0000  +1.76841805e+00  +9.94919115e-01
    313.0000  +1.79620722e+00  +9.93993783e-01
    315.0000  +1.74150883e+00  +9.95149652e-01
    317.0000  +1.72265387e+00  +9.95366164e-01
    319.0000  +1.74092163e+00  +9.95249186e-01
    321.0000  +1.75563177e+00  +9.94798973e-01
    323.0000  +1.73945050e+00  +9.95172371e-01
    325.0000  +1.69183967e+00  +9.96125117e-01
    327.0000  +1.67550049e+00  +9.96325870e-01
    329.0000  +1.64954520e+00  +9.96573963e-01
    331.0000  +1.68537842e+00  +9.96067670e-01
    333.0000  +1.67077471e+00  +9.96406092e-01
    335.0000  +1.68211058e+00  +9.96163469e-01
    337.0000  +1.71891815e+00  +9.95817747e-01
    339.0000  +1.72366955e+00  +9.95566872e-01
    341.0000  +1.71395802e+00  +9.95775573e-01
    343.0000  +1.69400231e+00  +9.96182960e-01
    345.0000  +1.69381687e+00  +9.96428839e-01
    347.0000  +1.69772518e+00  +9.96444661e-01
    349.0000  +1.65647326e+00  +9.97044766e-01
    351.0000  +1.62186893e+00  +9.97337602e-01
    353.0000  +1.63425803e+00  +9.97250024e-01
    355.0000  +1.61997637e+00  +9.97222473e-01
    357.0000  +1.70507894e+00  +9.96197455e-01
    359.0000  +1.66932612e+00  +9.97175450e-01
    361.0000  +1.62292325e+00  +9.97778356e-01
    363.0000  +1.58862690e+00  +9.98054056e-01
    364.0000  +1.57439523e+00  +9.98047611e-01
    365.0000  +1.55350951e+00  +9.98199413e-01
    367.0000  +1.51927261e+00  +9.98432293e-01
    369.0000  +1.56316129e+00  +9.98344333e-01
    371.0000  +1.58856460e+00  +9.98479500e-01
    373.0000  +1.67304852e+00  +9.97550446e-01
    375.0000  +1.67699215e+00  +9.97209200e-01
    377.0000  +1.60319512e+00  +9.97618377e-01
    379.0000  +1.61178328e+00  +9.97068763e-01
    381.0000  +1.66171586e+00  +9.96086939e-01
    383.0000  +1.65616077e+00  +9.97234245e-01
    385.0000  +1.71579454e+00  +9.94593867e-01
    387.0000  +1.71356155e+00  +9.94785793e-01
    389.0000  +1.63254673e+00  +9.97367905e-01
    391.0000  +1.60301781e+00  +9.97042857e-01
    393.0000  +1.58990104e+00  +9.98536880e-01
    395.0000  +1.59061535e+00  +9.97501560e-01
    397.0000  +1.55680267e+00  +9.98738088e-01
    399.0000  +1.52032912e+00  +9.97859777e-01
    401.0000  +1.50088479e+00  +9.97891908e-01
    403.0000  +1.53063196e+00  +9.97746809e-01
    405.0000  +1.53286545e+00  +9.97733192e-01
    407.0000  +1.55459657e+00  +9.97614861e-01
    409.0000  +1.46165258e+00  +9.98570571e-01
    411.0000  +1.48339433e+00  +9.99066839e-01
    413.0000  +1.52779577e+00  +9.97981776e-01
    415.0000  +1.55242666e+00  +9.97720522e-01
    417.0000  +1.54090543e+00  +9.97857101e-01
    419.0000  +1.53150926e+00  +9.97802239e-01
    421.0000  +1.53116921e+00  +9.98034404e-01
    423.0000  +1.55675380e+00  +9.98191997e-01
    425.0000  +1.51254966e+00  +9.98102117e-01
    427.0000  +1.51661414e+00  +9.98063279e-01
    429.0000  +1.50181076e+00  +9.98155297e-01
    431.0000  +1.45829374e+00  +9.98535026e-01
    433.0000  +1.43215418e+00  +9.98845795e-01
    435.0000  +1.39252859e+00  +9.99098436e-01
    437.0000  +1.42493383e+00  +9.98461843e-01
    439.0000  +1.45606152e+00  +9.98354703e-01
    441.0000  +1.45880508e+00  +9.98478179e-01
    443.0000  +1.43105625e+00  +9.98844856e-01
    445.0000  +1.41464969e+00  +9.98934316e-01
    447.0000  +1.39511840e+00  +9.99049347e-01
    449.0000  +1.38032449e+00  +9.99153608e-01
    451.0000  +1.34439916e+00  +9.99291058e-01
    453.0000  +1.37810378e+00  +9.99255318e-01
    455.0000  +1.35763755e+00  +9.99290652e-01
    457.0000  +1.34634409e+00  +9.99331706e-01
    459.0000  +1.34112649e+00  +9.99380828e-01
    461.0000  +1.33840354e+00  +9.99384966e-01
    463.0000  +1.33847345e+00  +9.99386886e-01
    465.0000  +1.34175072e+00  +9.99405448e-01
    467.0000  +1.32258561e+00  +9.99433364e-01
    469.0000  +1.32252534e+00  +9.99482491e-01
    471.0000  +1.32362565e+00  +9.99549439e-01
    473.0000  +1.33404190e+00  +9.99505328e-01
    475.0000  +1.33293221e+00  +9.99573137e-01
    477.0000  +1.34269905e+00  +9.99610304e-01
    479.0000  +1.33098026e+00  +9.99625246e-01
    481.0000  +1.30769148e+00  +9.99615347e-01
    483.0000  +1.30183098e+00  +9.99680069e-01
    485.0000  +1.27137649e+00  +9.99857008e-01
    487.0000  +1.24590640e+00  +9.99972688e-01
    489.0000  +1.29493941e+00  +9.99729469e-01
    491.0000  +1.29397512e+00  +9.99724413e-01
    493.0000  +1.30943414e+00  +9.99707415e-01
    495.0000  +1.30356214e+00  +9.99753000e-01
    497.0000  +1.31529843e+00  +9.99725564e-01
    499.0000  +1.32452634e+00  +9.99737142e-01
    501.0000  +1.34489161e+00  +9.99722333e-01
    503.0000  +1.33639142e+00  +9.99733568e-01
    505.0000  +1.35527387e+00  +9.99716387e-01
    507.0000  +1.36180552e+00  +9.99723831e-01
    509.0000  +1.37248432e+00  +9.99680584e-01
    511.0000  +1.37308549e+00  +9.99676152e-01
    513.0000  +1.38001412e+00  +9.99672109e-01
    515.0000  +1.38795179e+00  +9.99673119e-01
    517.0000  +1.39994286e+00  +9.99600323e-01
    519.0000  +1.37329225e+00  +9.99700794e-01
    521.0000  +1.34639207e+00  +9.99758586e-01
    523.0000  +1.27267076e+00  +9.99840158e-01
    525.0000  +1.24678781e+00  +9.99886813e-01
    527.0000  +1.28531208e+00  +9.99847022e-01
    529.0000  +1.23756928e+00  +9.99906918e-01
    531.0000  +1.20955868e+00  +9.99938050e-01
    533.0000  +1.25072806e+00  +9.99894509e-01
    535.0000  +1.22128578e+00  +9.99937803e-01
    537.0000  +1.22842242e+00  +9.99936932e-01
    539.0000  +1.23509908e+00  +9.99933424e-01
    541.0000  +1.22817537e+00  +9.99939335e-01
    543.0000  +1.23770184e+00  +9.99931925e-01
    545.0000  +1.22651395e+00  +9.99953084e-01
    547.0000  +1.21121930e+00  +9.99961457e-01
    549.0000  +1.20505012e+00  +9.99962248e-01
    551.0000  +1.21336586e+00  +9.99958235e-01
    553.0000  +1.19144756e+00  +9.99973586e-01
    555.0000  +1.18608133e+00  +9.99980339e-01
    557.0000  +1.18803926e+00  +9.99983128e-01
    559.0000  +1.19946557e+00  +9.99978034e-01
    561.0000  +1.17873219e+00  +9.99988345e-01
    563.0000  +1.17883571e+00  +9.99984036e-01
    565.0000  +1.16994261e+00  +9.99987496e-01
    567.0000  +1.17218379e+00  +9.99989807e-01
    569.0000  +1.16603997e+00  +9.99992180e-01
    571.0000  +1.17886400e+00  +9.99991733e-01
    573.0000  +1.15915741e+00  +9.99992552e-01
    575.0000  +1.15754348e+00  +9.99993749e-01
    577.0000  +1.15355010e+00  +9.99993316e-01
    579.0000  +1.16945507e+00  +9.99993352e-01
    581.0000  +1.14946547e+00  +9.99993932e-01
    583.0000  +1.13779216e+00  +9.99989845e-01
    585.0000  +1.14478882e+00  +9.99992122e-01
    587.0000  +1.14017695e+00  +9.99990321e-01
    589.0000  +1.17699401e+00  +9.99996318e-01
    591.0000  +1.13823998e+00  +9.99990154e-01
    593.0000  +1.13574130e+00  +9.99988409e-01
    595.0000  +1.13519732e+00  +9.99986439e-01
    597.0000  +1.12543438e+00  +9.99980905e-01
    599.0000  +1.12792675e+00  +9.99980909e-01
    601.0000  +1.12815810e+00  +9.99981702e-01
    603.0000  +1.11620375e+00  +9.99973401e-01
    605.0000  +1.11712792e+00  +9.99974313e-01
    607.0000  +1.11687398e+00  +9.99970600e-01
    609.0000  +1.12557003e+00  +9.99981503e-01
    611.0000  +1.11720936e+00  +9.99974351e-01
    613.0000  +1.13276846e+00  +9.99978308e-01
    615.0000  +1.11294302e+00  +9.99963910e-01
    617.0000  +1.13602788e+00  +9.99977404e-01
    619.0000  +1.10977470e+00  +9.99964301e-01
    621.0000  +1.11325960e+00  +9.99957211e-01
    623.0000  +1.11503729e+00  +9.99963532e-01
    625.0000  +1.11616091e+00  +9.99955905e-01
    627.0000  +1.11504981e+00  +9.99956025e-01
    629.0000  +1.10520607e+00  +9.99948141e-01
    631.0000  +1.10649968e+00  +9.99942709e-01
    633.0000  +1.10120360e+00  +9.99942888e-01
    635.0000  +1.09779165e+00  +9.99937795e-01
    637.0000  +1.09642109e+00  +9.99936884e-01
    639.0000  +1.08799405e+00  +9.99926768e-01
    641.0000  +1.08668395e+00  +9.99915512e-01
    643.0000  +1.08706375e+00  +9.99916652e-01
    645.0000  +1.08832742e+00  +9.99909915e-01
    647.0000  +1.08883703e+00  +9.99906658e-01
    649.0000  +1.08990650e+00  +9.99899753e-01
    651.0000  +1.07623229e+00  +9.99873007e-01
    653.0000  +1.06548584e+00  +9.99828153e-01
    655.0000  +1.03378278e+00  +9.99460764e-01
    657.0000  +9.46820470e-01  +9.98292587e-01
    659.0000  +1.05424945e+00  +9.99741870e-01
    661.0000  +1.06390026e+00  +9.99838248e-01
    663.0000  +1.06467005e+00  +9.99866028e-01
    665.0000  +1.06299222e+00  +9.99861828e-01
    667.0000  +1.06636563e+00  +9.99869297e-01
    669.0000  +1.05921703e+00  +9.99852403e-01
    671.0000  +1.06845993e+00  +9.99874359e-01
    673.0000  +1.05380223e+00  +9.99849948e-01
    675.0000  +1.05750106e+00  +9.99845811e-01
    677.0000  +1.05212893e+00  +9.99840199e-01
    679.0000  +1.05537687e+00  +9.99841681e-01
    681.0000  +1.05051548e+00  +9.99834348e-01
    683.0000  +1.04451971e+00  +9.99820080e-01
    685.0000  +1.04937045e+00  +9.99833244e-01
    687.0000  +1.04696443e+00  +9.99822067e-01
    689.0000  +1.04287408e+00  +9.99818126e-01
    691.0000  +1.04050046e+00  +9.99809493e-01
    693.0000  +1.04296626e+00  +9.99815653e-01
    695.0000  +1.04164554e+00  +9.99808643e-01
    697.0000  +1.03630105e+00  +9.99806854e-01
    699.0000  +1.04121802e+00  +9.99798967e-01
    701.0000  +1.03543901e+00  +9.99803800e-01
    703.0000  +1.03247339e+00  +9.99790944e-01
    705.0000  +1.02976568e+00  +9.99785949e-01
    707.0000  +1.03338073e+00  +9.99784558e-01
    709.0000  +1.03242868e+00  +9.99774071e-01
    711.0000  +1.02997710e+00  +9.99736455e-01
    713.0000  +1.03269491e+00  +9.99760869e-01
    715.0000  +1.03601192e+00  +9.99758301e-01
    717.0000  +1.02364493e+00  +9.99735208e-01
    719.0000  +1.02948987e+00  +9.99767307e-01
    721.0000  +1.02841737e+00  +9.99736441e-01
    723.0000  +1.01485448e+00  +9.99721005e-01
    725.0000  +1.02000188e+00  +9.99715033e-01
    727.0000  +1.01539515e+00  +9.99717230e-01
    729.0000  +1.01128697e+00  +9.99727554e-01
    731.0000  +1.01209859e+00  +9.99711573e-01
    733.0000  +1.01478993e+00  +9.99709226e-01
    735.0000  +1.01547317e+00  +9.99715427e-01
    737.0000  +1.00587956e+00  +9.99696536e-01
    739.0000  +1.00304012e+00  +9.99690055e-01
    741.0000  +9.97869463e-01  +9.99657560e-01
    743.0000  +9.97592337e-01  +9.99665283e-01
    745.0000  +9.99640193e-01  +9.99668252e-01
    747.0000  +9.97824054e-01  +9.99653392e-01
    749.0000  +9.96115131e-01  +9.99648786e-01
    751.0000  +9.90571949e-01  +9.99646171e-01
    753.0000  +9.86812209e-01  +9.99625758e-01
    755.0000  +9.85049213e-01  +9.99625045e-01
    757.0000  +9.83667342e-01  +9.99620288e-01
    759.0000  +9.85148264e-01  +9.99617548e-01
    761.0000  +9.82266507e-01  +9.99609358e-01
    763.0000  +9.79384407e-01  +9.99592288e-01
    765.0000  +9.76390469e-01  +9.99571179e-01
    767.0000  +9.85708832e-01  +9.99580008e-01
    769.0000  +9.72955077e-01  +9.99554424e-01
    771.0000  +9.79128089e-01  +9.99565690e-01
    773.0000  +9.74104083e-01  +9.99564536e-01
    775.0000  +9.72683175e-01  +9.99548774e-01
    777.0000  +9.61592650e-01  +9.99463332e-01
    779.0000  +9.66960169e-01  +9.99525397e-01
    781.0000  +9.64874523e-01  +9.99524084e-01
    783.0000  +9.65460627e-01  +9.99507614e-01
    785.0000  +9.63827044e-01  +9.99496206e-01
    787.0000  +9.59982923e-01  +9.99507132e-01
    789.0000  +9.63748223e-01  +9.99522842e-01
    791.0000  +9.67099862e-01  +9.99540951e-01
    793.0000  +9.60838395e-01  +9.99515093e-01
    795.0000  +9.69098377e-01  +9.99543087e-01
    797.0000  +9.57827795e-01  +9.99515054e-01
    799.0000  +9.59275152e-01  +9.99507280e-01
    801.0000  +9.55259602e-01  +9.99497400e-01
    803.0000  +9.54150117e-01  +9.99487567e-01
    805.0000  +9.53075128e-01  +9.99484669e-01
    807.0000  +9.56098158e-01  +9.99491716e-01
    809.0000  +9.55279217e-01  +9.99506573e-01
    811.0000  +9.55730703e-01  +9.99508178e-01
    813.0000  +9.49840334e-01  +9.99485027e-01
    815.0000  +9.47837465e-01  +9.99484649e-01
    817.0000  +9.45978413e-01  +9.99470052e-01
    819.0000  +9.53690626e-01  +9.99458675e-01
    821.0000  +9.44963555e-01  +9.99445943e-01
    823.0000  +9.38333759e-01  +9.99422247e-01
    825.0000  +9.37941531e-01  +9.99398998e-01
    827.0000  +9.34923310e-01  +9.99414955e-01
    829.0000  +9.35427892e-01  +9.99412860e-01
    831.0000  +9.39710317e-01  +9.99439264e-01
    833.0000  +9.39192824e-01  +9.99400456e-01
    835.0000  +9.38694504e-01  +9.99424120e-01
    837.0000  +9.35615969e-01  +9.99401934e-01
    839.0000  +9.53934310e-01  +9.99456043e-01
    841.0000  +9.30451245e-01  +9.99364197e-01
    843.0000  +9.39763414e-01  +9.99364287e-01
    845.0000  +9.25613562e-01  +9.99287253e-01
    847.0000  +9.24860126e-01  +9.99310299e-01
    849.0000  +9.18755180e-01  +9.99253900e-01
    851.0000  +9.18796998e-01  +9.99222565e-01
    853.0000  +9.17957159e-01  +9.99269652e-01
    855.0000  +9.12911244e-01  +9.99146659e-01
    857.0000  +9.15926611e-01  +9.99294050e-01
    859.0000  +9.09389964e-01  +9.99212118e-01
    861.0000  +9.08279112e-01  +9.99188763e-01
    863.0000  +9.13213553e-01  +9.99282239e-01
    865.0000  +9.04780294e-01  +9.99216736e-01
    867.0000  +9.00090612e-01  +9.98991038e-01
    869.0000  +9.18980806e-01  +9.99293522e-01
    871.0000  +9.07754548e-01  +9.99298415e-01
    873.0000  +9.03586793e-01  +9.99224619e-01
    875.0000  +8.82640251e-01  +9.98881865e-01
    877.0000  +9.01637370e-01  +9.99179101e-01
    879.0000  +9.00500829e-01  +9.99274468e-01
    881.0000  +9.10836335e-01  +9.99331781e-01
    883.0000  +9.04152040e-01  +9.99254479e-01
    885.0000  +8.89007263e-01  +9.99032755e-01
    887.0000  +8.72116062e-01  +9.98744694e-01
    889.0000  +8.90242967e-01  +9.99188087e-01
    891.0000  +8.88177570e-01  +9.99183305e-01
    893.0000  +8.90471480e-01  +9.99216911e-01
    895.0000  +8.95090143e-01  +9.99251688e-01
    897.0000  +8.91218926e-01  +9.99220143e-01
    899.0000  +8.87944140e-01  +9.99176212e-01
    901.0000  +8.70982522e-01  +9.98688329e-01
    903.0000  +8.78951335e-01  +9.98921546e-01
    905.0000  +8.80301587e-01  +9.99129882e-01
    907.0000  +8.70199992e-01  +9.99069312e-01
    909.0000  +8.74798370e-01  +9.99050621e-01
    911.0000  +8.80557017e-01  +9.99172673e-01
    913.0000  +8.78020282e-01  +9.99140471e-01
    915.0000  +8.79002726e-01  +9.99178901e-01
    917.0000  +8.76702837e-01  +9.99148210e-01
    919.0000  +8.71421233e-01  +9.99090038e-01
    921.0000  +8.66602893e-01  +9.98993575e-01
    923.0000  +8.22869014e-01  +9.97964831e-01
    925.0000  +8.60339196e-01  +9.98896172e-01
    927.0000  +8.66538533e-01  +9.99011584e-01
    929.0000  +8.74020603e-01  +9.99121122e-01
    931.0000  +8.65939193e-01  +9.99093617e-01
    933.0000  +8.64143036e-01  +9.99094823e-01
    935.0000  +8.64197883e-01  +9.99075508e-01
    937.0000  +8.71869866e-01  +9.99124395e-01
    939.0000  +8.61969831e-01  +9.99070428e-01
    941.0000  +8.51761849e-01  +9.98949453e-01
    943.0000  +8.55526657e-01  +9.99032130e-01
    945.0000  +8.63964442e-01  +9.99072587e-01
    947.0000  +8.56927030e-01  +9.99035180e-01
    949.0000  +8.55572697e-01  +9.99028966e-01
    951.0000  +8.53414720e-01  +9.98985544e-01
    953.0000  +8.47385145e-01  +9.98822700e-01
    955.0000  +8.11663362e-01  +9.97676406e-01
    957.0000  +8.52857042e-01  +9.98891158e-01
    959.0000  +8.47462884e-01  +9.98957406e-01
    961.0000  +8.50723016e-01  +9.98974111e-01
    963.0000  +8.40949821e-01  +9.98911194e-01
    965.0000  +8.57687714e-01  +9.99011096e-01
    967.0000  +8.52959501e-01  +9.98940955e-01
    969.0000  +8.46316521e-01  +9.98934389e-01
    971.0000  +8.50226442e-01  +9.98999569e-01
    973.0000  +8.55778900e-01  +9.99020433e-01
    975.0000  +8.46980454e-01  +9.98940897e-01
    977.0000  +8.44785764e-01  +9.98970869e-01
    979.0000  +8.55937294e-01  +9.99023041e-01
    981.0000  +8.36214337e-01  +9.98935573e-01
    983.0000  +8.40329908e-01  +9.98937752e-01
    985.0000  +8.32090850e-01  +9.98886328e-01
    987.0000  +8.31774516e-01  +9.98887326e-01
    989.0000  +8.28477037e-01  +9.98853234e-01
    991.0000  +8.28167423e-01  +9.98862648e-01
    993.0000  +8.30064261e-01  +9.98860351e-01
    995.0000  +8.28760946e-01  +9.98865618e-01
    997.0000  +8.26547221e-01  +9.98840310e-01
    999.0000  +8.25640587e-01  +9.98851652e-01
   1002.5000  +8.17007514e-01  +9.98552891e-01
   1007.5000  +8.04893993e-01  +9.98298415e-01
   1012.5000  +8.16686836e-01  +9.98753425e-01
   1017.5000  +8.14599606e-01  +9.98788750e-01
   1022.5000  +8.13606818e-01  +9.98795088e-01
   1027.5000  +8.10275471e-01  +9.98760530e-01
   1032.5000  +8.09418735e-01  +9.98748638e-01
   1037.5000  +8.07394602e-01  +9.98743692e-01
   1042.5000  +8.01380596e-01  +9.98695742e-01
   1047.5000  +7.96793006e-01  +9.98634905e-01
   1052.5000  +7.93803778e-01  +9.98636302e-01
   1057.5000  +7.94230300e-01  +9.98616205e-01
   1062.5000  +7.87893003e-01  +9.98599265e-01
   1067.5000  +7.79369615e-01  +9.98448562e-01
   1072.5000  +7.82251227e-01  +9.98524706e-01
   1077.5000  +7.80974706e-01  +9.98545538e-01
   1082.5000  +7.80906477e-01  +9.98544463e-01
   1087.5000  +7.73759143e-01  +9.98466023e-01
   1092.5000  +7.40408775e-01  +9.97394994e-01
   1097.5000  +7.61383265e-01  +9.98208819e-01
   1102.5000  +7.66760116e-01  +9.98432237e-01
   1107.5000  +7.63971838e-01  +9.98425440e-01
   1112.5000  +7.59456857e-01  +9.98393981e-01
   1117.5000  +7.59171019e-01  +9.98384586e-01
   1122.5000  +7.56163149e-01  +9.98380120e-01
   1127.5000  +7.53050569e-01  +9.98287010e-01
   1132.5000  +7.48793574e-01  +9.98242034e-01
   1137.5000  +7.52063210e-01  +9.98315748e-01
   1142.5000  +7.49157761e-01  +9.98283636e-01
   1147.5000  +7.43645372e-01  +9.98270088e-01
   1152.5000  +7.38070295e-01  +9.98224837e-01
   1157.5000  +7.37043009e-01  +9.98218462e-01
   1162.5000  +7.35321462e-01  +9.98148974e-01
   1167.5000  +7.27804794e-01  +9.98018461e-01
   1172.5000  +7.26817920e-01  +9.98118800e-01
   1177.5000  +7.20844177e-01  +9.97937186e-01
   1182.5000  +7.23474188e-01  +9.98057086e-01
   1187.5000  +7.21508735e-01  +9.97986055e-01
   1192.5000  +7.15934948e-01  +9.98026162e-01
   1197.5000  +7.19744158e-01  +9.98029669e-01
   1202.5000  +7.08641363e-01  +9.97933574e-01
   1207.5000  +7.07944234e-01  +9.97917748e-01
   1212.5000  +7.02253527e-01  +9.97861751e-01
   1217.5000  +6.99990498e-01  +9.97807502e-01
   1222.5000  +6.97936502e-01  +9.97795995e-01
   1227.5000  +6.93175423e-01  +9.97722776e-01
   1232.5000  +6.92694686e-01  +9.97752132e-01
   1237.5000  +6.87470550e-01  +9.97696321e-01
   1242.5000  +6.88096951e-01  +9.97697417e-01
   1247.5000  +6.82435828e-01  +9.97630209e-01
   1252.5000  +6.82754033e-01  +9.97629915e-01
   1257.5000  +6.73671086e-01  +9.97493644e-01
   1262.5000  +6.72685515e-01  +9.97501836e-01
   1267.5000  +6.71790307e-01  +9.97532286e-01
   1272.5000  +6.67319333e-01  +9.97416888e-01
   1277.5000  +6.56749931e-01  +9.96989661e-01
   1282.5000  +6.17101811e-01  +9.94972557e-01
   1287.5000  +6.57754340e-01  +9.97125099e-01
   1292.5000  +6.62297324e-01  +9.97328415e-01
   1297.5000  +6.50541367e-01  +9.97214215e-01
   1302.5000  +6.49255343e-01  +9.97260414e-01
   1307.5000  +6.43442917e-01  +9.97198799e-01
   1312.5000  +6.51103375e-01  +9.97226980e-01
   1317.5000  +6.41770911e-01  +9.97146439e-01
   1322.5000  +6.36085792e-01  +9.97068884e-01
   1327.5000  +6.36488100e-01  +9.97130244e-01
   1332.5000  +6.29615577e-01  +9.97006291e-01
   1337.5000  +6.25111916e-01  +9.96967075e-01
   1342.5000  +6.18641354e-01  +9.96842212e-01
   1347.5000  +6.16426203e-01  +9.96842432e-01
   1352.5000  +6.11460903e-01  +9.96710583e-01
   1357.5000  +6.11009997e-01  +9.96788343e-01
   1362.5000  +6.12214812e-01  +9.96803367e-01
   1367.5000  +6.01671792e-01  +9.96681048e-01
   1372.5000  +5.90469415e-01  +9.96398154e-01
   1377.5000  +5.91725170e-01  +9.96469180e-01
   1382.5000  +5.87053601e-01  +9.96398707e-01
   1387.5000  +5.91139495e-01  +9.96504189e-01
   1392.5000  +5.78415964e-01  +9.96227357e-01
   1397.5000  +5.74290455e-01  +9.96191866e-01
   1402.5000  +5.76496523e-01  +9.96300993e-01
   1407.5000  +5.67035595e-01  +9.96161601e-01
   1412.5000  +5.64616749e-01  +9.96150849e-01
   1417.5000  +5.57997043e-01  +9.95937174e-01
   1422.5000  +5.55362261e-01  +9.96028698e-01
   1427.5000  +5.63883016e-01  +9.96160126e-01
   1432.5000  +5.47751802e-01  +9.95869857e-01
   1437.5000  +5.43496947e-01  +9.95739388e-01
   1442.5000  +5.36249461e-01  +9.95676758e-01
   1447.5000  +5.34776058e-01  +9.95704387e-01
   1452.5000  +5.27819009e-01  +9.95573266e-01
   1457.0000  +5.29110744e-01  +9.95644831e-01
   1462.0000  +5.19134870e-01  +9.95434141e-01
   1467.5000  +5.16088703e-01  +9.95390704e-01
   1472.5000  +5.16020548e-01  +9.95481891e-01
   1477.5000  +5.07677425e-01  +9.95342920e-01
   1482.5000  +5.04624786e-01  +9.95341002e-01
   1487.5000  +5.08770620e-01  +9.95498961e-01
   1492.5000  +4.92928341e-01  +9.95121094e-01
   1497.5000  +4.91130552e-01  +9.95161149e-01
   1502.5000  +5.18262635e-01  +9.95729931e-01
   1507.5000  +4.94261799e-01  +9.95372457e-01
   1512.5000  +4.77327519e-01  +9.95067547e-01
   1517.5000  +4.74608307e-01  +9.94998153e-01
   1522.5000  +4.65510071e-01  +9.94943818e-01
   1527.5000  +4.59732675e-01  +9.94794508e-01
   1532.5000  +4.56355956e-01  +9.94789864e-01
   1537.5000  +4.46325822e-01  +9.94609300e-01
   1542.5000  +4.38292278e-01  +9.94468635e-01
   1547.5000  +4.36574653e-01  +9.94521503e-01
   1552.5000  +4.37681215e-01  +9.94663280e-01
   1557.5000  +4.33315545e-01  +9.94715295e-01
   1562.5000  +4.26844179e-01  +9.94253962e-01
   1567.5000  +4.26812304e-01  +9.94680687e-01
   1572.5000  +4.17538969e-01  +9.94296791e-01
   1577.5000  +4.40044997e-01  +9.94907899e-01
   1582.5000  +4.18070598e-01  +9.94531468e-01
   1587.5000  +4.11951125e-01  +9.94823036e-01
   1592.5000  +4.09478925e-01  +9.94794802e-01
   1597.5000  +4.08413714e-01  +9.94666655e-01
   1605.0000  +3.90623794e-01  +9.94522416e-01
   1615.0000  +3.80769388e-01  +9.94346344e-01
   1625.0000  +3.87467747e-01  +9.94976763e-01
   1635.0000  +3.69238568e-01  +9.94296285e-01
   1645.0000  +3.58942271e-01  +9.93965649e-01
   1655.0000  +3.73294281e-01  +9.95003245e-01
   1665.0000  +3.73740866e-01  +9.94920788e-01
   1675.0000  +3.66473740e-01  +9.93942338e-01
   1685.0000  +3.47856033e-01  +9.93364498e-01
   1695.0000  +3.68246935e-01  +9.94725043e-01
   1705.0000  +3.73358039e-01  +9.95068927e-01
   1715.0000  +3.74051860e-01  +9.95098077e-01
   1725.0000  +3.69251595e-01  +9.94700832e-01
   1735.0000  +3.31395706e-01  +9.92193095e-01
   1745.0000  +3.60336919e-01  +9.94153814e-01
   1755.0000  +3.67834700e-01  +9.94778299e-01
   1765.0000  +3.64844872e-01  +9.94810382e-01
   1775.0000  +3.69809337e-01  +9.94969829e-01
   1785.0000  +3.64446594e-01  +9.94811035e-01
   1795.0000  +3.67651622e-01  +9.94916064e-01
   1805.0000  +3.66220785e-01  +9.94529004e-01
   1815.0000  +3.26445366e-01  +9.91570069e-01
   1825.0000  +3.54495827e-01  +9.93685480e-01
   1835.0000  +3.67690599e-01  +9.94615908e-01
   1845.0000  +3.71145163e-01  +9.94913013e-01
   1855.0000  +3.64261099e-01  +9.94735714e-01
   1865.0000  +3.66044629e-01  +9.94578904e-01
   1875.0000  +3.15529282e-01  +9.90772705e-01
   1885.0000  +3.59424228e-01  +9.94133573e-01
   1895.0000  +3.73177367e-01  +9.94932551e-01
   1905.0000  +3.64319714e-01  +9.94732958e-01
   1915.0000  +3.65071415e-01  +9.94768059e-01
   1925.0000  +3.63077340e-01  +9.94753294e-01
   1935.0000  +3.67198380e-01  +9.94381509e-01
   1945.0000  +3.26613128e-01  +9.90880854e-01
   1955.0000  +3.61120515e-01  +9.94120561e-01
   1965.0000  +3.62539746e-01  +9.94782440e-01
   1975.0000  +3.71824751e-01  +9.94928464e-01
   1985.0000  +3.70818980e-01  +9.94767169e-01
   1995.0000  +3.66506395e-01  +9.94913565e-01
   2005.0000  +3.57175646e-01  +9.94710080e-01
   2015.0000  +3.56907842e-01  +9.94561614e-01
   2025.0000  +3.62125612e-01  +9.94759468e-01
   2035.0000  +3.56929203e-01  +9.94772830e-01
   2045.0000  +3.56390061e-01  +9.94602490e-01
   2055.0000  +3.56798737e-01  +9.94589797e-01
   2065.0000  +3.57170532e-01  +9.94649800e-01
   2075.0000  +3.55653963e-01  +9.94627766e-01
   2085.0000  +3.56721278e-01  +9.94609197e-01
   2095.0000  +3.60637109e-01  +9.94692502e-01
   2105.0000  +3.54954496e-01  +9.94567809e-01
   2115.0000  +3.56857395e-01  +9.94484305e-01
   2125.0000  +3.54939573e-01  +9.94511687e-01
   2135.0000  +3.52235002e-01  +9.94431453e-01
   2145.0000  +3.53551649e-01  +9.94384779e-01
   2155.0000  +3.50285933e-01  +9.93997623e-01
   2165.0000  +3.05837457e-01  +9.90240758e-01
   2175.0000  +3.50196576e-01  +9.93869144e-01
   2185.0000  +3.50996874e-01  +9.94396368e-01
   2195.0000  +3.54873593e-01  +9.94512968e-01
   2205.0000  +3.61866696e-01  +9.94507976e-01
   2215.0000  +3.49375640e-01  +9.94352010e-01
   2225.0000  +3.60628341e-01  +9.94551641e-01
   2235.0000  +3.57104676e-01  +9.94585499e-01
   2245.0000  +3.54523043e-01  +9.94454537e-01
   2255.0000  +3.49085895e-01  +9.94422473e-01
   2265.0000  +3.57732136e-01  +9.94523641e-01
   2275.0000  +3.49385749e-01  +9.94429537e-01
   2285.0000  +3.54495843e-01  +9.94503302e-01
   2295.0000  +4.44245182e-01  +9.95498364e-01
   2305.0000  +3.95127874e-01  +9.94976548e-01
   2315.0000  +3.85365928e-01  +9.94746111e-01
   2325.0000  +4.73999723e-01  +9.95994327e-01
   2335.0000  +4.19145329e-01  +9.95194488e-01
   2345.0000  +3.96520127e-01  +9.94727989e-01
   2355.0000  +4.85164886e-01  +9.95961002e-01
   2365.0000  +4.22085785e-01  +9.95095890e-01
   2375.0000  +4.03588252e-01  +9.94531795e-01
   2385.0000  +4.82932173e-01  +9.95889209e-01
   2395.0000  +4.32187500e-01  +9.95085268e-01
   2405.0000  +4.08399756e-01  +9.94747541e-01
   2415.0000  +4.72532620e-01  +9.95611869e-01
   2425.0000  +4.33452102e-01  +9.95073205e-01
   2435.0000  +4.09847016e-01  +9.94794567e-01
   2445.0000  +4.48816872e-01  +9.95313790e-01
   2455.0000  +4.41840305e-01  +9.95139876e-01
   2465.0000  +4.08014892e-01  +9.94669453e-01
   2475.0000  +4.25903901e-01  +9.95055414e-01
   2485.0000  +4.44763335e-01  +9.95056675e-01
   2495.0000  +4.15193271e-01  +9.94802398e-01
   2505.0000  +3.96844877e-01  +9.94828147e-01
   2515.0000  +4.38206512e-01  +9.95034072e-01
   2525.0000  +4.07162352e-01  +9.94594093e-01
   2535.0000  +3.96974849e-01  +9.94592703e-01
   2545.0000  +4.09174177e-01  +9.94817679e-01
   2555.0000  +4.03045880e-01  +9.94563154e-01
   2565.0000  +3.92087648e-01  +9.94444993e-01
   2575.0000  +3.87439882e-01  +9.94412124e-01
   2585.0000  +4.05817030e-01  +9.94722913e-01
   2595.0000  +3.93638104e-01  +9.94553993e-01
   2605.0000  +3.83626286e-01  +9.94175877e-01
   2615.0000  +3.78931405e-01  +9.93784974e-01
   2625.0000  +3.43226149e-01  +9.90577500e-01
   2635.0000  +3.78308749e-01  +9.94066322e-01
   2645.0000  +3.76538693e-01  +9.94450624e-01
   2655.0000  +3.77584348e-01  +9.94457908e-01
   2665.0000  +3.80657871e-01  +9.94390843e-01
   2675.0000  +3.59587338e-01  +9.93828640e-01
   2685.0000  +3.66801198e-01  +9.94134122e-01
   2695.0000  +3.72042533e-01  +9.94479933e-01
   2705.0000  +3.66064823e-01  +9.94526175e-01
   2715.0000  +3.63588387e-01  +9.94414402e-01
   2725.0000  +3.61350516e-01  +9.94549567e-01
   2735.0000  +3.63822094e-01  +9.94479554e-01
   2745.0000  +3.58423113e-01  +9.94228557e-01
   2755.0000  +3.45097311e-01  +9.93631347e-01
   2765.0000  +3.52213721e-01  +9.93893844e-01
   2775.0000  +3.58148266e-01  +9.94475424e-01
   2785.0000  +3.55359168e-01  +9.94602685e-01
   2795.0000  +3.52431738e-01  +9.94690093e-01
   2805.0000  +3.52145777e-01  +9.94446193e-01
   2815.0000  +3.53511768e-01  +9.94621992e-01
   2825.0000  +3.51312277e-01  +9.94471466e-01
   2835.0000  +3.49298368e-01  +9.94607088e-01
   2845.0000  +3.48782518e-01  +9.94662006e-01
   2855.0000  +3.48561164e-01  +9.94500868e-01
   2865.0000  +3.44054682e-01  +9.93940511e-01
   2875.0000  +3.31067692e-01  +9.93335047e-01
   2885.0000  +3.44832689e-01  +9.94313650e-01
   2895.0000  +3.46021937e-01  +9.94593854e-01
   2905.0000  +3.46264801e-01  +9.94575159e-01
   2915.0000  +3.44562566e-01  +9.94605934e-01
   2925.0000  +3.51590916e-01  +9.94818734e-01
   2935.0000  +3.45703716e-01  +9.94578518e-01
   2945.0000  +3.44614863e-01  +9.94702821e-01
   2955.0000  +3.44736519e-01  +9.94665059e-01
   2965.0000  +3.43333977e-01  +9.94764521e-01
   2975.0000  +3.42093413e-01  +9.94754997e-01
   2985.0000  +3.43685950e-01  +9.94694731e-01
   2995.0000  +3.43236680e-01  +9.94743759e-01
   3005.0000  +3.42469586e-01  +9.94732187e-01
   3015.0000  +3.41347669e-01  +9.94573883e-01
   3025.0000  +3.42251651e-01  +9.94518153e-01
   3035.0000  +3.26191747e-01  +9.93310776e-01
   3045.0000  +3.32020776e-01  +9.93638513e-01
   3055.0000  +3.40818000e-01  +9.94547950e-01
   3065.0000  +3.40594286e-01  +9.94761156e-01
   3075.0000  +3.40426966e-01  +9.94720532e-01
   3085.0000  +3.42654172e-01  +9.94635918e-01
   3095.0000  +3.40707832e-01  +9.94700778e-01
   3105.0000  +3.39868565e-01  +9.94627739e-01
   3115.0000  +3.41163337e-01  +9.94642695e-01
   3125.0000  +3.39552789e-01  +9.94619423e-01
   3135.0000  +3.39394871e-01  +9.94670974e-01
   3145.0000  +3.39349374e-01  +9.94637692e-01
   3155.0000  +3.38900137e-01  +9.94643904e-01
   3165.0000  +3.41455179e-01  +9.94727660e-01
   3175.0000  +3.38804801e-01  +9.94663848e-01
   3185.0000  +3.39128185e-01  +9.94704672e-01
   3195.0000  +3.39208364e-01  +9.94578902e-01
   3210.0000  +3.38191807e-01  +9.94749258e-01
   3230.0000  +3.40055940e-01  +9.94744508e-01
   3250.0000  +3.39219652e-01  +9.94689691e-01
   3270.0000  +3.39031201e-01  +9.94733095e-01
   3290.0000  +3.24243213e-01  +9.93425398e-01
   3310.0000  +3.36534778e-01  +9.94450692e-01
   3330.0000  +3.39031067e-01  +9.94744129e-01
   3350.0000  +3.37769617e-01  +9.94798997e-01
   3370.0000  +3.37133334e-01  +9.94758534e-01
   3390.0000  +3.37806298e-01  +9.94841824e-01
   3410.0000  +3.37809106e-01  +9.94765602e-01
   3430.0000  +3.37467250e-01  +9.94807369e-01
   3450.0000  +3.37411584e-01  +9.94771797e-01
   3470.0000  +3.37360975e-01  +9.94828528e-01
   3490.0000  +3.36956828e-01  +9.94817008e-01
   3510.0000  +3.36091254e-01  +9.94787810e-01
   3530.0000  +3.36578493e-01  +9.94814081e-01
   3550.0000  +3.35838163e-01  +9.94793358e-01
   3570.0000  +3.35130564e-01  +9.94795988e-01
   3590.0000  +3.35551665e-01  +9.94820580e-01
   3610.0000  +3.35362570e-01  +9.94789491e-01
   3630.0000  +3.35361113e-01  +9.94804601e-01
   3650.0000  +3.35067293e-01  +9.94750869e-01
   3670.0000  +3.35460936e-01  +9.94836946e-01
   3690.0000  +3.34284539e-01  +9.94842596e-01
   3710.0000  +3.35495067e-01  +9.94899394e-01
   3730.0000  +3.28219623e-01  +9.94217189e-01
   3750.0000  +3.22851804e-01  +9.93989516e-01
   3770.0000  +3.33524160e-01  +9.94786105e-01
   3790.0000  +3.33615757e-01  +9.94887901e-01
   3810.0000  +3.33272640e-01  +9.94746711e-01
   3830.0000  +3.32811587e-01  +9.94794169e-01
   3850.0000  +3.33203528e-01  +9.94826231e-01
   3870.0000  +3.35996757e-01  +9.94838408e-01
   3890.0000  +3.32953875e-01  +9.94750188e-01
   3910.0000  +3.31881551e-01  +9.94746496e-01
   3930.0000  +3.33039589e-01  +9.94748565e-01
   3950.0000  +3.34073415e-01  +9.94896230e-01
   3970.0000  +3.33435917e-01  +9.94889287e-01
   3990.0000  +3.33978306e-01  +9.94922493e-01
   4010.0000  +3.31103336e-01  +9.94702104e-01
   4030.0000  +3.30948270e-01  +9.94669991e-01
   4050.0000  +3.17786647e-01  +9.93399903e-01
   4070.0000  +3.31454767e-01  +9.94772152e-01
   4090.0000  +3.30906371e-01  +9.94840460e-01
   4110.0000  +3.32089996e-01  +9.94871541e-01
   4130.0000  +3.31351168e-01  +9.94874720e-01
   4150.0000  +3.30399363e-01  +9.94832023e-01
   4170.0000  +3.29374219e-01  +9.94520076e-01
   4190.0000  +3.32923716e-01  +9.94798564e-01
   4210.0000  +3.33002785e-01  +9.94844256e-01
   4230.0000  +3.30808087e-01  +9.94845696e-01
   4250.0000  +3.31404914e-01  +9.94853898e-01
   4270.0000  +3.30214072e-01  +9.94866956e-01
   4290.0000  +3.66719742e-01  +9.95611349e-01
   4310.0000  +4.06218404e-01  +9.95642649e-01
   4330.0000  +3.88755214e-01  +9.95290868e-01
   4350.0000  +4.16944162e-01  +9.95865444e-01
   4370.0000  +4.31878437e-01  +9.95761153e-01
   4390.0000  +4.41810820e-01  +9.95798621e-01
   4410.0000  +4.62758422e-01  +9.96567535e-01
   4430.0000  +4.69828843e-01  +9.96372387e-01
   4450.0000  +4.70814369e-01  +9.96409218e-01
   4470.0000  +4.87958631e-01  +9.96838544e-01
   4490.0000  +4.76592418e-01  +9.96416134e-01
   4510.0000  +4.89657038e-01  +9.96664918e-01
   4530.0000  +4.94742042e-01  +9.97018583e-01
   4550.0000  +4.84254495e-01  +9.96659819e-01
   4570.0000  +4.79054981e-01  +9.96486902e-01
   4590.0000  +4.93369081e-01  +9.97004768e-01
   4610.0000  +4.75071393e-01  +9.96568691e-01
   4630.0000  +4.77441319e-01  +9.96511222e-01
   4650.0000  +4.61447314e-01  +9.95956852e-01
   4670.0000  +4.53543925e-01  +9.96130022e-01
   4690.0000  +4.59407181e-01  +9.96225401e-01
   4710.0000  +4.66555873e-01  +9.96494107e-01
   4730.0000  +4.45611020e-01  +9.96208597e-01
   4750.0000  +4.53546495e-01  +9.96266256e-01
   4770.0000  +4.50365857e-01  +9.96243520e-01
   4790.0000  +4.45177425e-01  +9.96360265e-01
   4810.0000  +4.54773298e-01  +9.96352406e-01
   4830.0000  +4.33249375e-01  +9.96057760e-01
   4850.0000  +4.35715653e-01  +9.96082666e-01
   4870.0000  +4.43632893e-01  +9.96237092e-01
   4890.0000  +4.42326322e-01  +9.96123985e-01
   4910.0000  +4.37030338e-01  +9.96173609e-01
   4930.0000  +4.39770050e-01  +9.96217792e-01
   4950.0000  +4.41943759e-01  +9.96196866e-01
   4970.0000  +4.31672314e-01  +9.96161816e-01
   4990.0000  +4.33972153e-01  +9.96279173e-01
   5010.0000  +4.31534834e-01  +9.96084686e-01
   5030.0000  +4.29023855e-01  +9.96001641e-01
   5050.0000  +4.34803759e-01  +9.96188111e-01
   5070.0000  +4.27196827e-01  +9.96128459e-01
   5090.0000  +4.27182442e-01  +9.96000391e-01
   5110.0000  +4.30849874e-01  +9.96118005e-01
   5130.0000  +4.12724664e-01  +9.95592925e-01
   5150.0000  +4.24041263e-01  +9.96037431e-01
   5170.0000  +4.14559982e-01  +9.95877874e-01
   5190.0000  +4.17867558e-01  +9.95994172e-01
   5210.0000  +4.10229845e-01  +9.95956762e-01
   5230.0000  +4.16267034e-01  +9.95903932e-01
   5250.0000  +4.08091570e-01  +9.95728884e-01
   5270.0000  +3.99769534e-01  +9.95676233e-01
   5290.0000  +4.09146025e-01  +9.95884313e-01
   5310.0000  +4.07218886e-01  +9.95817363e-01
   5330.0000  +3.99335496e-01  +9.95694777e-01
   5350.0000  +3.98444062e-01  +9.95669407e-01
   5370.0000  +3.93672844e-01  +9.95639700e-01
   5390.0000  +3.91125769e-01  +9.95553204e-01
   5410.0000  +3.89528878e-01  +9.95644102e-01
   5430.0000  +3.93505019e-01  +9.95649500e-01
   5450.0000  +3.84621681e-01  +9.95479935e-01
   5470.0000  +3.84632345e-01  +9.95413626e-01
   5490.0000  +3.83313211e-01  +9.95513011e-01
   5510.0000  +3.82572107e-01  +9.95440395e-01
   5530.0000  +3.66011190e-01  +9.95324493e-01
   5550.0000  +3.80234059e-01  +9.95502538e-01
   5570.0000  +3.68347599e-01  +9.95257729e-01
   5590.0000  +3.69465152e-01  +9.95321741e-01
   5610.0000  +3.66045242e-01  +9.95377709e-01
   5630.0000  +3.70414765e-01  +9.95397859e-01
   5650.0000  +3.63422148e-01  +9.95336931e-01
   5670.0000  +3.61500518e-01  +9.95299387e-01
   5690.0000  +3.64666967e-01  +9.95365398e-01
   5710.0000  +3.55913314e-01  +9.95178523e-01
   5730.0000  +3.56365497e-01  +9.95288818e-01
   5750.0000  +3.53354492e-01  +9.95227475e-01
   5770.0000  +3.55554686e-01  +9.95252910e-01
   5790.0000  +3.47489709e-01  +9.95152368e-01
   5810.0000  +3.52227098e-01  +9.95218528e-01
   5830.0000  +3.49712723e-01  +9.95160073e-01
   5850.0000  +3.47721475e-01  +9.95139510e-01
   5870.0000  +3.49867086e-01  +9.95207384e-01
   5890.0000  +3.45782726e-01  +9.95052482e-01
   5910.0000  +3.39118195e-01  +9.94367582e-01
   5930.0000  +3.43259112e-01  +9.95072670e-01
   5950.0000  +3.42228181e-01  +9.95041467e-01
   5970.0000  +3.40136866e-01  +9.94985846e-01
   5990.0000  +3.39215168e-01  +9.94970758e-01
   6010.0000  +3.38611990e-01  +9.94937296e-01
   6030.0000  +3.38010949e-01  +9.94938694e-01
   6050.0000  +3.40409651e-01  +9.95006323e-01
   6070.0000  +3.38641431e-01  +9.95002455e-01
   6090.0000  +3.37229914e-01  +9.94962151e-01
   6110.0000  +3.37487058e-01  +9.94988197e-01
   6130.0000  +3.36112893e-01  +9.94886638e-01
   6150.0000  +3.34521821e-01  +9.94977467e-01
   6170.0000  +3.32663389e-01  +9.94927842e-01
   6190.0000  +3.32178340e-01  +9.94886527e-01
   6210.0000  +3.30556527e-01  +9.94716700e-01
   6230.0000  +3.30099588e-01  +9.94688619e-01
   6250.0000  +3.32371969e-01  +9.94801014e-01
   6270.0000  +3.32292547e-01  +9.94874599e-01
   6290.0000  +3.30122918e-01  +9.94740585e-01
   6310.0000  +3.29553964e-01  +9.94670055e-01
   6330.0000  +3.27645772e-01  +9.94616066e-01
   6350.0000  +3.28584773e-01  +9.94747149e-01
   6370.0000  +3.25346166e-01  +9.94539699e-01
   6390.0000  +3.27075342e-01  +9.94614960e-01
   6420.0000  +3.25731844e-01  +9.94581046e-01
   6460.0000  +3.25017094e-01  +9.94597047e-01
   6500.0000  +3.23448909e-01  +9.94577237e-01
   6540.0000  +3.23243507e-01  +9.94583874e-01
   6580.0000  +3.21845967e-01  +9.94561812e-01
   6620.0000  +3.21977369e-01  +9.94410435e-01
   6660.0000  +3.21030491e-01  +9.94515115e-01
   6700.0000  +3.19777550e-01  +9.94450503e-01
   6740.0000  +3.20195093e-01  +9.94396933e-01
   6780.0000  +3.19311825e-01  +9.94493222e-01
   6820.0000  +3.19591012e-01  +9.94356047e-01
   6860.0000  +3.18341626e-01  +9.94530445e-01
   6900.0000  +3.18035877e-01  +9.94449159e-01
   6940.0000  +3.17995368e-01  +9.94311943e-01
   6980.0000  +3.18014733e-01  +9.94329435e-01
   7020.0000  +3.18070189e-01  +9.94370992e-01
   7060.0000  +3.17423997e-01  +9.94335410e-01
   7100.0000  +3.17600902e-01  +9.94292639e-01
   7140.0000  +3.16764030e-01  +9.94453342e-01
   7180.0000  +3.16803685e-01  +9.94551789e-01
   7220.0000  +3.15626049e-01  +9.94447656e-01
   7260.0000  +3.16193649e-01  +9.94305042e-01
   7300.0000  +3.16960561e-01  +9.94275187e-01
   7340.0000  +3.15730483e-01  +9.94352007e-01
   7380.0000  +3.16558443e-01  +9.94308048e-01
   7420.0000  +3.16820976e-01  +9.94318716e-01
   7460.0000  +3.11762411e-01  +9.93674989e-01
   7500.0000  +3.13259765e-01  +9.93918596e-01
   7540.0000  +3.16341367e-01  +9.94263838e-01
   7580.0000  +3.15843727e-01  +9.94096428e-01
   7620.0000  +3.15273245e-01  +9.94281570e-01
   7660.0000  +3.15265840e-01  +9.94289460e-01
   7700.0000  +3.15255878e-01  +9.94256111e-01
   7740.0000  +3.15787971e-01  +9.94207141e-01
   7780.0000  +3.15106084e-01  +9.94343263e-01
   7820.0000  +3.14868498e-01  +9.94306998e-01
   7860.0000  +3.14804705e-01  +9.94229966e-01
   7900.0000  +3.14788294e-01  +9.94235655e-01
   7940.0000  +3.15204197e-01  +9.94212824e-01
   7980.0000  +3.15133813e-01  +9.94207836e-01
   8020.0000  +3.14963835e-01  +9.94320492e-01
   8060.0000  +3.15137192e-01  +9.94293279e-01
   8100.0000  +3.14389168e-01  +9.94328641e-01
   8140.0000  +3.14128873e-01  +9.94174683e-01
   8180.0000  +3.14135570e-01  +9.94157246e-01
   8220.0000  +3.14004548e-01  +9.94275983e-01
   8260.0000  +3.14138911e-01  +9.94229155e-01
   8300.0000  +3.13893966e-01  +9.94251405e-01
   8340.0000  +3.14075419e-01  +9.94232634e-01
   8380.0000  +3.14338448e-01  +9.94200740e-01
   8420.0000  +3.14464397e-01  +9.94270831e-01
   8460.0000  +3.14096993e-01  +9.94191726e-01
   8500.0000  +3.13830881e-01  +9.94079249e-01
   8540.0000  +3.13976551e-01  +9.94210537e-01
   8580.0000  +3.13548230e-01  +9.94244434e-01
   8620.0000  +3.13388444e-01  +9.94261958e-01
   8660.0000  +3.13372843e-01  +9.94315600e-01
   8700.0000  +3.13495639e-01  +9.94252133e-01
   8740.0000  +3.12859522e-01  +9.94281040e-01
   8780.0000  +3.12991080e-01  +9.94230762e-01
   8820.0000  +3.13224539e-01  +9.94294611e-01
   8860.0000  +3.13068781e-01  +9.94240498e-01
   8900.0000  +3.13012236e-01  +9.94241421e-01
   8940.0000  +3.12291778e-01  +9.94144103e-01
   8980.0000  +3.13387048e-01  +9.94297813e-01
   9020.0000  +3.13468769e-01  +9.94229453e-01
   9060.0000  +3.13095763e-01  +9.94388444e-01
   9100.0000  +3.13710784e-01  +9.94242655e-01
   9140.0000  +3.12578090e-01  +9.94251839e-01
   9180.0000  +3.13100289e-01  +9.94207273e-01
   9220.0000  +3.12350563e-01  +9.94264048e-01
   9260.0000  +3.12929439e-01  +9.94279149e-01
   9300.0000  +3.12580997e-01  +9.94332397e-01
   9340.0000  +3.12545067e-01  +9.94228613e-01
   9380.0000  +3.12671795e-01  +9.94016967e-01
   9420.0000  +3.12548408e-01  +9.94156950e-01
   9460.0000  +3.12709570e-01  +9.94278664e-01
   9500.0000  +3.12416603e-01  +9.94220157e-01
   9540.0000  +3.11682062e-01  +9.94171856e-01
   9580.0000  +3.13217022e-01  +9.94293895e-01
   9620.0000  +3.11333407e-01  +9.94230521e-01
   9660.0000  +3.13056762e-01  +9.94092509e-01
   9700.0000  +3.12792458e-01  +9.94271596e-01
   9740.0000  +3.12227067e-01  +9.94285106e-01
   9780.0000  +3.11763541e-01  +9.94223521e-01
   9820.0000  +3.12058031e-01  +9.94302008e-01
   9860.0000  +3.13115605e-01  +9.94192060e-01
   9900.0000  +3.12222772e-01  +9.94219394e-01
   9940.0000  +3.12433290e-01  +9.94187102e-01
   9980.0000  +3.11586070e-01  +9.94230292e-01
  10020.0000  +3.11538852e-01  +9.94295089e-01
  20000.0000  +3.06371636e-01  +9.94724587e-01
  40000.0100  +3.02780029e-01  +9.94869510e-01
  60000.0100  +3.00767618e-01  +9.94895842e-01
  80000.0100  +2.99717270e-01  +9.94858600e-01
 100000.0100  +2.99473884e-01  +9.94951802e-01
 120000.0200  +2.98847397e-01  +9.94832366e-01
 140000.0200  +2.98663416e-01  +9.94800292e-01
 160000.0200  +2.98763010e-01  +9.94767008e-01
